     0.900000      1.00162      1.00162      1.00162      1.00162      1.00167      1.00162
     0.900579      1.00204      1.00204      1.00204      1.00204      1.00224      1.00204
     0.901158      1.00282      1.00282      1.00282      1.00282      1.00300      1.00282
     0.901737      1.00385      1.00385      1.00385      1.00385      1.00397      1.00385
     0.902317      1.00503      1.00503      1.00503      1.00503      1.00510      1.00503
     0.902896      1.00629      1.00629      1.00629      1.00629      1.00634      1.00629
     0.903475      1.00761      1.00761      1.00761      1.00761      1.00764      1.00761
     0.904054      1.00896      1.00896      1.00896      1.00896      1.00898      1.00896
     0.904633      1.01034      1.01034      1.01034      1.01034      1.01036      1.01034
     0.905212      1.01174      1.01174      1.01174      1.01174      1.01176      1.01174
     0.905791      1.01316      1.01316      1.01316      1.01316      1.01318      1.01316
     0.906371      1.01460      1.01460      1.01460      1.01460      1.01461      1.01460
     0.906950      1.01605      1.01605      1.01605      1.01605      1.01606      1.01605
     0.907529      1.01752      1.01752      1.01752      1.01752      1.01753      1.01752
     0.908108      1.01899      1.01899      1.01899      1.01899      1.01901      1.01899
     0.908687      1.02049      1.02049      1.02049      1.02049      1.02050      1.02049
     0.909266      1.02199      1.02199      1.02199      1.02199      1.02201      1.02199
     0.909845      1.02352      1.02352      1.02352      1.02352      1.02354      1.02352
     0.910425      1.02507      1.02507      1.02507      1.02507      1.02509      1.02507
     0.911004      1.02664      1.02664      1.02664      1.02664      1.02666      1.02664
     0.911583      1.02824      1.02824      1.02824      1.02824      1.02826      1.02824
     0.912162      1.02987      1.02987      1.02987      1.02987      1.02989      1.02987
     0.912741      1.03152      1.03152      1.03152      1.03152      1.03154      1.03152
     0.913320      1.03320      1.03320      1.03320      1.03320      1.03322      1.03320
     0.913900      1.03491      1.03491      1.03491      1.03491      1.03493      1.03491
     0.914479      1.03665      1.03665      1.03665      1.03665      1.03668      1.03665
     0.915058      1.03843      1.03843      1.03843      1.03843      1.03846      1.03843
     0.915637      1.04024      1.04024      1.04024      1.04024      1.04027      1.04024
     0.916216      1.04209      1.04209      1.04209      1.04209      1.04211      1.04209
     0.916795      1.04397      1.04397      1.04397      1.04397      1.04399      1.04397
     0.917374      1.04588      1.04588      1.04588      1.04588      1.04589      1.04588
     0.917954      1.04781      1.04781      1.04781      1.04781      1.04782      1.04781
     0.918533      1.04975      1.04975      1.04975      1.04975      1.04975      1.04975
     0.919112      1.05169      1.05169      1.05169      1.05169      1.05168      1.05169
     0.919691      1.05362      1.05362      1.05362      1.05362      1.05359      1.05362
     0.920270      1.05550      1.05550      1.05550      1.05550      1.05546      1.05550
     0.920849      1.05733      1.05733      1.05733      1.05733      1.05726      1.05733
     0.921429      1.05905      1.05905      1.05905      1.05905      1.05896      1.05905
     0.922008      1.06065      1.06065      1.06065      1.06065      1.06052      1.06065
     0.922587      1.06207      1.06207      1.06207      1.06207      1.06190      1.06207
     0.923166      1.06326      1.06326      1.06326      1.06326      1.06305      1.06326
     0.923745      1.06418      1.06418      1.06418      1.06418      1.06392      1.06418
     0.924324      1.06475      1.06475      1.06475      1.06475      1.06445      1.06475
     0.924903      1.06492      1.06492      1.06492      1.06492      1.06457      1.06492
     0.925483      1.06462      1.06462      1.06462      1.06462      1.06424      1.06462
     0.926062      1.06382      1.06382      1.06382      1.06382      1.06341      1.06382
     0.926641      1.06246      1.06246      1.06246      1.06246      1.06203      1.06246
     0.927220      1.06052      1.06052      1.06052      1.06052      1.06009      1.06052
     0.927799      1.05800      1.05800      1.05800      1.05800      1.05757      1.05800
     0.928378      1.05490      1.05490      1.05490      1.05490      1.05449      1.05490
     0.928958      1.05125      1.05125      1.05125      1.05125      1.05088      1.05125
     0.929537      1.04710      1.04710      1.04710      1.04710      1.04677      1.04710
     0.930116      1.04251      1.04251      1.04251      1.04251      1.04224      1.04251
     0.930695      1.03756      1.03756      1.03756      1.03756      1.03736      1.03756
     0.931274      1.03234      1.03234      1.03234      1.03234      1.03221      1.03234
     0.931853      1.02695      1.02695      1.02695      1.02695      1.02690      1.02695
     0.932432      1.02149      1.02149      1.02149      1.02149      1.02151      1.02149
     0.933012      1.01606      1.01606      1.01606      1.01606      1.01614      1.01606
     0.933591      1.01073      1.01073      1.01073      1.01073      1.01087      1.01073
     0.934170      1.00559      1.00559      1.00559      1.00559      1.00577      1.00559
     0.934749      1.00069      1.00069      1.00069      1.00069      1.00089      1.00069
     0.935328     0.996059     0.996059     0.996059     0.996059     0.996276     0.996059
     0.935907     0.991725     0.991725     0.991725     0.991725     0.991940     0.991725
     0.936486     0.987681     0.987681     0.987681     0.987681     0.987882     0.987681
     0.937066     0.983908     0.983908     0.983908     0.983908     0.984082     0.983908
     0.937645     0.980368     0.980368     0.980368     0.980368     0.980506     0.980368
     0.938224     0.977013     0.977013     0.977013     0.977013     0.977108     0.977013
     0.938803     0.973785     0.973785     0.973785     0.973785     0.973830     0.973785
     0.939382     0.970617     0.970617     0.970617     0.970617     0.970609     0.970617
     0.939961     0.967437     0.967437     0.967437     0.967437     0.967375     0.967437
     0.940541     0.964174     0.964174     0.964174     0.964174     0.964057     0.964174
     0.941120     0.960753     0.960753     0.960753     0.960753     0.960583     0.960753
     0.941699     0.957102     0.957102     0.957102     0.957102     0.956880     0.957102
     0.942278     0.953152     0.953152     0.953152     0.953152     0.952882     0.953152
     0.942857     0.948839     0.948839     0.948839     0.948839     0.948524     0.948839
     0.943436     0.944102     0.944102     0.944102     0.944102     0.943745     0.944102
     0.944015     0.938886     0.938886     0.938886     0.938886     0.938491     0.938886
     0.944595     0.933141     0.933141     0.933141     0.933141     0.932711     0.933141
     0.945174     0.926820     0.926820     0.926820     0.926820     0.926360     0.926820
     0.945753     0.919882     0.919882     0.919882     0.919882     0.919394     0.919882
     0.946332     0.912292     0.912292     0.912292     0.912292     0.911779     0.912292
     0.946911     0.904015     0.904015     0.904015     0.904015     0.903481     0.904015
     0.947490     0.895023     0.895023     0.895023     0.895023     0.894467     0.895023
     0.948070     0.885287     0.885287     0.885287     0.885287     0.884712     0.885287
     0.948649     0.874782     0.874782     0.874782     0.874782     0.874190     0.874782
     0.949228     0.863484     0.863484     0.863484     0.863484     0.862880     0.863484
     0.949807     0.851376     0.851376     0.851376     0.851376     0.850764     0.851376
     0.950386     0.838449     0.838449     0.838449     0.838449     0.837834     0.838449
     0.950965     0.824699     0.824699     0.824699     0.824699     0.824089     0.824699
     0.951544     0.810132     0.810132     0.810132     0.810132     0.809533     0.810132
     0.952124     0.794762     0.794762     0.794762     0.794762     0.794180     0.794762
     0.952703     0.778612     0.778612     0.778612     0.778612     0.778053     0.778612
     0.953282     0.761712     0.761712     0.761712     0.761712     0.761182     0.761712
     0.953861     0.744101     0.744101     0.744101     0.744101     0.743607     0.744101
     0.954440     0.725826     0.725826     0.725826     0.725826     0.725375     0.725826
     0.955019     0.706947     0.706947     0.706947     0.706947     0.706548     0.706947
     0.955598     0.687531     0.687531     0.687531     0.687531     0.687190     0.687531
     0.956178     0.667656     0.667656     0.667656     0.667656     0.667376     0.667656
     0.956757     0.647405     0.647405     0.647405     0.647405     0.647194     0.647405
     0.957336     0.626871     0.626871     0.626871     0.626871     0.626731     0.626871
     0.957915     0.606146     0.606146     0.606146     0.606146     0.606078     0.606146
     0.958494     0.585328     0.585328     0.585328     0.585328     0.585330     0.585328
     0.959073     0.564514     0.564514     0.564514     0.564514     0.564587     0.564514
     0.959652     0.543796     0.543796     0.543796     0.543796     0.543937     0.543796
     0.960232     0.523266     0.523266     0.523266     0.523266     0.523470     0.523266
     0.960811     0.503008     0.503008     0.503008     0.503008     0.503272     0.503008
     0.961390     0.483103     0.483103     0.483103     0.483103     0.483420     0.483103
     0.961969     0.463619     0.463619     0.463619     0.463619     0.463981     0.463619
     0.962548     0.444619     0.444619     0.444619     0.444619     0.445020     0.444619
     0.963127     0.426156     0.426156     0.426156     0.426156     0.426590     0.426156
     0.963706     0.408271     0.408271     0.408271     0.408271     0.408732     0.408271
     0.964286     0.391001     0.391001     0.391001     0.391001     0.391480     0.391001
     0.964865     0.374369     0.374369     0.374369     0.374369     0.374859     0.374369
     0.965444     0.358393     0.358393     0.358393     0.358393     0.358894     0.358393
     0.966023     0.343083     0.343083     0.343083     0.343083     0.343585     0.343083
     0.966602     0.328442     0.328442     0.328442     0.328442     0.328942     0.328442
     0.967181     0.314468     0.314468     0.314468     0.314468     0.314966     0.314468
     0.967761     0.301158     0.301158     0.301158     0.301158     0.301650     0.301158
     0.968340     0.288501     0.288501     0.288501     0.288501     0.288985     0.288501
     0.968919     0.276488     0.276488     0.276488     0.276488     0.276962     0.276488
     0.969498     0.265107     0.265107     0.265107     0.265107     0.265573     0.265107
     0.970077     0.254346     0.254346     0.254346     0.254346     0.254803     0.254346
     0.970656     0.244193     0.244193     0.244193     0.244193     0.244640     0.244193
     0.971236     0.234634     0.234634     0.234634     0.234634     0.235070     0.234634
     0.971815     0.225656     0.225656     0.225656     0.225656     0.226082     0.225656
     0.972394     0.217244     0.217244     0.217244     0.217244     0.217659     0.217244
     0.972973     0.209383     0.209383     0.209383     0.209383     0.209787     0.209383
     0.973552     0.202059     0.202059     0.202059     0.202059     0.202453     0.202059
     0.974131     0.195260     0.195260     0.195260     0.195260     0.195644     0.195260
     0.974710     0.188970     0.188970     0.188970     0.188970     0.189343     0.188970
     0.975290     0.183177     0.183177     0.183177     0.183177     0.183541     0.183177
     0.975869     0.177867     0.177867     0.177867     0.177867     0.178222     0.177867
     0.976448     0.173028     0.173028     0.173028     0.173028     0.173374     0.173028
     0.977027     0.168649     0.168649     0.168649     0.168649     0.168986     0.168649
     0.977606     0.164717     0.164717     0.164717     0.164717     0.165046     0.164717
     0.978185     0.161222     0.161222     0.161222     0.161222     0.161544     0.161222
     0.978764     0.158154     0.158154     0.158154     0.158154     0.158471     0.158154
     0.979344     0.155507     0.155507     0.155507     0.155507     0.155819     0.155507
     0.979923     0.153274     0.153274     0.153274     0.153274     0.153583     0.153274
     0.980502     0.151450     0.151450     0.151450     0.151450     0.151758     0.151450
     0.981081     0.150034     0.150034     0.150034     0.150034     0.150342     0.150034
     0.981660     0.149026     0.149026     0.149026     0.149026     0.149335     0.149026
     0.982239     0.148427     0.148427     0.148427     0.148427     0.148739     0.148427
     0.982818     0.148241     0.148241     0.148241     0.148241     0.148559     0.148241
     0.983398     0.148477     0.148477     0.148477     0.148477     0.148802     0.148477
     0.983977     0.149144     0.149144     0.149144     0.149144     0.149477     0.149144
     0.984556     0.150253     0.150253     0.150253     0.150253     0.150597     0.150253
     0.985135     0.151818     0.151818     0.151818     0.151818     0.152175     0.151818
     0.985714     0.153856     0.153856     0.153856     0.153856     0.154227     0.153856
     0.986293     0.156387     0.156387     0.156387     0.156387     0.156775     0.156387
     0.986873     0.159433     0.159433     0.159433     0.159433     0.159840     0.159433
     0.987452     0.163018     0.163018     0.163018     0.163018     0.163447     0.163018
     0.988031     0.167173     0.167173     0.167173     0.167173     0.167626     0.167173
     0.988610     0.171929     0.171929     0.171929     0.171929     0.172408     0.171929
     0.989189     0.177321     0.177321     0.177321     0.177321     0.177829     0.177321
     0.989768     0.183387     0.183387     0.183387     0.183387     0.183927     0.183387
     0.990348     0.190171     0.190171     0.190171     0.190171     0.190746     0.190171
     0.990927     0.197718     0.197718     0.197718     0.197718     0.198332     0.197718
     0.991506     0.206080     0.206080     0.206080     0.206080     0.206739     0.206080
     0.992085     0.215317     0.215317     0.215317     0.215317     0.216026     0.215317
     0.992664     0.225493     0.225493     0.225493     0.225493     0.226269     0.225493
     0.993243     0.236657     0.236659     0.236663     0.236690     0.237580     0.236991
     0.993822     0.248780     0.248800     0.248825     0.249026     0.250164     0.251291
     0.994402     0.261432     0.261540     0.261676     0.262764     0.264465     0.275001
     0.994981     0.272940     0.273399     0.273973     0.278567     0.281320     0.330243
     0.995560     0.279025     0.280564     0.282488     0.297879     0.302033     0.471037
     0.996139     0.272294     0.276423     0.281585     0.322881     0.328321     0.787458
     0.996718     0.245252     0.254221     0.265432     0.355123     0.363171      1.36414
     0.997297     0.196963     0.212974     0.232987     0.393092     0.412129      2.19427
     0.997876     0.137337     0.161326     0.191313     0.431208     0.480991      3.13003
     0.998456    0.0823855     0.113416     0.152205     0.462514     0.570036      3.95349
     0.999035    0.0436801    0.0795505     0.124389     0.483093     0.672001      4.51852
     0.999614    0.0226490    0.0611099     0.109186     0.493794     0.775218      4.82064
      1.00019    0.0137961    0.0533368     0.102763     0.498169     0.866966      4.94649
      1.00077    0.0109029    0.0507941     0.100658     0.499570     0.936027      4.98733
      1.00135    0.0101678    0.0501477     0.100123     0.499921     0.977079      4.99766
      1.00193    0.0100225    0.0500198     0.100016     0.499990     0.994540      4.99969
      1.00251    0.0100000    0.0500000     0.100000     0.500000     0.999257      5.00000
      1.00309    0.0100000    0.0500000     0.100000     0.500000     0.999952      5.00000
      1.00367    0.0100000    0.0500000     0.100000     0.500000      1.00000      5.00000
      1.00425    0.0100000    0.0500000     0.100000     0.500000      1.00000      5.00000
      1.00483    0.0100000    0.0500000     0.100000     0.500000      1.00000      5.00000
      1.00541    0.0100000    0.0500000     0.100000     0.500000      1.00000      5.00000
      1.00598    0.0100000    0.0500000     0.100000     0.500000      1.00000      5.00000
      1.00656    0.0100000    0.0500000     0.100000     0.500000      1.00000      5.00000
      1.00714    0.0100000    0.0500000     0.100000     0.500000      1.00000      5.00000
      1.00772    0.0100000    0.0500000     0.100000     0.500000      1.00000      5.00000
      1.00830    0.0100000    0.0500000     0.100000     0.500000      1.00000      5.00000
      1.00888    0.0100000    0.0500000     0.100000     0.500000      1.00000      5.00000
      1.00946    0.0100000    0.0500000     0.100000     0.500000      1.00000      5.00000
      1.01004    0.0100000    0.0500000     0.100000     0.500000      1.00000      5.00000
      1.01062    0.0100000    0.0500000     0.100000     0.500000      1.00000      5.00000
      1.01120    0.0100000    0.0500000     0.100000     0.500000      1.00000      5.00000
      1.01178    0.0100000    0.0500000     0.100000     0.500000      1.00000      5.00000
      1.01236    0.0100000    0.0500000     0.100000     0.500000      1.00000      5.00000
      1.01293    0.0100000    0.0500000     0.100000     0.500000      1.00000      5.00000
      1.01351    0.0100000    0.0500000     0.100000     0.500000      1.00000      5.00000
      1.01409    0.0100000    0.0500000     0.100000     0.500000      1.00000      5.00000
      1.01467    0.0100000    0.0500000     0.100000     0.500000      1.00000      5.00000
      1.01525    0.0100000    0.0500000     0.100000     0.500000      1.00000      5.00000
      1.01583    0.0100000    0.0500000     0.100000     0.500000      1.00000      5.00000
      1.01641    0.0100000    0.0500000     0.100000     0.500000      1.00000      5.00000
      1.01699    0.0100000    0.0500000     0.100000     0.500000      1.00000      5.00000
      1.01757    0.0100000    0.0500000     0.100000     0.500000      1.00000      5.00000
      1.01815    0.0100000    0.0500000     0.100000     0.500000      1.00000      5.00000
      1.01873    0.0100000    0.0500000     0.100000     0.500000      1.00000      5.00000
      1.01931    0.0100000    0.0500000     0.100000     0.500000      1.00000      5.00000
      1.01988    0.0100000    0.0500000     0.100000     0.500000      1.00000      5.00000
      1.02046    0.0100000    0.0500000     0.100000     0.500000      1.00000      5.00000
      1.02104    0.0100000    0.0500000     0.100000     0.500000      1.00000      5.00000
      1.02162    0.0100000    0.0500000     0.100000     0.500000      1.00000      5.00000
      1.02220    0.0100000    0.0500000     0.100000     0.500000      1.00000      5.00000
      1.02278    0.0100000    0.0500000     0.100000     0.500000      1.00000      5.00000
      1.02336    0.0100000    0.0500000     0.100000     0.500000      1.00000      5.00000
      1.02394    0.0100000    0.0500000     0.100000     0.500000      1.00000      5.00000
      1.02452    0.0100000    0.0500000     0.100000     0.500000      1.00000      5.00000
      1.02510    0.0100000    0.0500000     0.100000     0.500000      1.00000      5.00000
      1.02568    0.0100000    0.0500000     0.100000     0.500000      1.00000      5.00000
      1.02626    0.0100000    0.0500000     0.100000     0.500000      1.00000      5.00000
      1.02683    0.0100000    0.0500000     0.100000     0.500000      1.00000      5.00000
      1.02741    0.0100000    0.0500000     0.100000     0.500000      1.00000      5.00000
      1.02799    0.0100000    0.0500000     0.100000     0.500000      1.00000      5.00000
      1.02857    0.0100000    0.0500000     0.100000     0.500000      1.00000      5.00000
      1.02915    0.0100000    0.0500000     0.100000     0.500000      1.00000      5.00000
      1.02973    0.0100000    0.0500000     0.100000     0.500000      1.00000      5.00000
      1.03031    0.0100000    0.0500000     0.100000     0.500000      1.00000      5.00000
      1.03089    0.0100000    0.0500000     0.100000     0.500000      1.00000      5.00000
      1.03147    0.0100000    0.0500000     0.100000     0.500000      1.00000      5.00000
      1.03205    0.0100000    0.0500000     0.100000     0.500000      1.00000      5.00000
      1.03263    0.0100000    0.0500000     0.100000     0.500000      1.00000      5.00000
      1.03321    0.0100000    0.0500000     0.100000     0.500000      1.00000      5.00000
      1.03378    0.0100000    0.0500000     0.100000     0.500000      1.00000      5.00000
      1.03436    0.0100000    0.0500000     0.100000     0.500000      1.00000      5.00000
      1.03494    0.0100000    0.0500000     0.100000     0.500000      1.00000      5.00000
      1.03552    0.0100000    0.0500000     0.100000     0.500000      1.00000      5.00000
      1.03610    0.0100000    0.0500000     0.100000     0.500000      1.00000      5.00000
      1.03668    0.0100000    0.0500000     0.100000     0.500000      1.00000      5.00000
      1.03726    0.0100000    0.0500000     0.100000     0.500000      1.00000      5.00000
      1.03784    0.0100000    0.0500000     0.100000     0.500000      1.00000      5.00000
      1.03842    0.0100000    0.0500000     0.100000     0.500000      1.00000      5.00000
      1.03900    0.0100000    0.0500000     0.100000     0.500000      1.00000      5.00000
      1.03958    0.0100000    0.0500000     0.100000     0.500000      1.00000      5.00000
      1.04015    0.0100000    0.0500000     0.100000     0.500000      1.00000      5.00000
      1.04073    0.0100000    0.0500000     0.100000     0.500000      1.00000      5.00000
      1.04131    0.0100000    0.0500000     0.100000     0.500000      1.00000      5.00000
      1.04189    0.0100000    0.0500000     0.100000     0.500000      1.00000      5.00000
      1.04247    0.0100000    0.0500000     0.100000     0.500000      1.00000      5.00000
      1.04305    0.0100000    0.0500000     0.100000     0.500000      1.00000      5.00000
      1.04363    0.0100000    0.0500000     0.100000     0.500000      1.00000      5.00000
      1.04421    0.0100000    0.0500000     0.100000     0.500000      1.00000      5.00000
      1.04479    0.0100000    0.0500000     0.100000     0.500000      1.00000      5.00000
      1.04537    0.0100000    0.0500000     0.100000     0.500000      1.00000      5.00000
      1.04595    0.0100000    0.0500000     0.100000     0.500000      1.00000      5.00000
      1.04653    0.0100000    0.0500000     0.100000     0.500000      1.00000      5.00000
      1.04710    0.0100000    0.0500000     0.100000     0.500000      1.00000      5.00000
      1.04768    0.0100000    0.0500000     0.100000     0.500000      1.00000      5.00000
      1.04826    0.0100000    0.0500000     0.100000     0.500000      1.00000      5.00000
      1.04884    0.0100000    0.0500000     0.100000     0.500000      1.00000      5.00000
      1.04942    0.0100000    0.0500000     0.100000     0.500000      1.00000      5.00000
      1.05000    0.0100000    0.0500000     0.100000     0.500000      1.00000      5.00000
