      323.060      323.060      323.060      323.082      323.116      323.169
      323.231      323.307      323.393      323.491      323.598      323.717
      323.847      323.986      324.136      324.296      324.464      324.645
      324.834      325.034      325.242      325.461      325.689      325.928
      326.179      326.435      326.703      326.984      327.270      327.571
      327.878      328.198      328.528      328.867      329.220      329.582
      329.953      330.340      330.733      331.147      331.562      331.994
      332.439      332.897      333.367      333.851      334.347      334.861
      335.387      335.931      336.486      337.061      337.653      338.267
      338.888      339.537      340.204      340.887      341.592      342.328
      343.074      343.855      344.656      345.488      346.345      347.230
      348.145      349.096      350.071      351.089      352.146      353.234
      354.367      355.548      356.763      358.030      359.352      360.720
      362.143      363.630      365.172      366.782      368.464      370.204
      372.036      373.947      375.930      378.021      380.188      382.470
      384.850      387.344      389.959      392.700      395.582      398.589
      401.764      405.081      408.585      412.259      416.128      420.206
      424.490      429.016      433.784      438.809      444.122      449.736
      455.675      461.941      468.578      475.608      483.071      490.972
      499.368      508.293      517.768      527.856      538.600      550.044
      562.263      575.311      589.261      604.191      620.179      637.328
      655.762      675.574      696.906      719.933      746.862      773.888
      803.198      835.019      869.612      907.349      948.556      993.675
      1043.24      1097.81      1158.06      1224.80      1299.00      1381.78
      1474.50      1578.85      1690.87      1824.46      1977.09      2152.49
      2355.31      2591.33      2867.99      3194.61      3583.25      4049.54
      4613.91      5303.09      6152.88      7210.66      8539.63      10221.0
      12361.0      15095.3      18594.1      23055.1      28676.4      35650.6
      44208.6      54352.9      65883.8      78707.6      93325.4      122727.
      131729.      139359.      145078.      153280.      157437.      162890.
      166100.      169214.      171370.      173132.      174413.      175101.
      175383.      175237.      174857.      174331.      173547.      172541.
      171271.      169861.      168368.      166720.      164980.      163081.
      161085.      159033.      156924.      154760.      152539.      150248.
      147930.      145588.      143242.      140870.      138494.      136093.
      133687.      131267.      128863.      126459.      124074.      121688.
      119320.      116952.      114602.      112252.      109927.      107609.
      105322.      103043.      100794.      98552.6      96342.0      94135.6
      91963.0      89792.7      87659.5      85525.0      83431.3      81334.3
      79284.1      77228.1      75223.2      73206.6      71245.8      69267.2
      67347.8      65405.9      63527.8      61621.5      59784.2      57912.1
      56113.7      54275.4      52513.4      50708.7      48978.7      47207.5
      45505.8      43764.7      42084.9      40356.8      38665.4      36688.0
      36688.0      36688.0
