  0.000640517
  0.000640517
  0.000640517
  0.000640637
  0.000640751
  0.000640915
  0.000641096
  0.000641308
  0.000641547
  0.000641809
  0.000642098
  0.000642411
  0.000642754
  0.000643116
  0.000643506
  0.000643919
  0.000644357
  0.000644820
  0.000645308
  0.000645819
  0.000646355
  0.000646915
  0.000647499
  0.000648108
  0.000648746
  0.000649401
  0.000650085
  0.000650797
  0.000651527
  0.000652291
  0.000653072
  0.000653885
  0.000654722
  0.000655585
  0.000656481
  0.000657399
  0.000658341
  0.000659322
  0.000660322
  0.000661367
  0.000662422
  0.000663519
  0.000664646
  0.000665808
  0.000666999
  0.000668227
  0.000669486
  0.000670790
  0.000672122
  0.000673503
  0.000674910
  0.000676372
  0.000677871
  0.000679429
  0.000681009
  0.000682656
  0.000684346
  0.000686087
  0.000687878
  0.000689746
  0.000691645
  0.000693631
  0.000695668
  0.000697786
  0.000699965
  0.000702223
  0.000704554
  0.000706975
  0.000709466
  0.000712061
  0.000714756
  0.000717537
  0.000720433
  0.000723446
  0.000726558
  0.000729799
  0.000733181
  0.000736688
  0.000740338
  0.000744147
  0.000748109
  0.000752245
  0.000756563
  0.000761047
  0.000765759
  0.000770679
  0.000775800
  0.000781191
  0.000786795
  0.000792690
  0.000798852
  0.000805312
  0.000812096
  0.000819209
  0.000826699
  0.000834524
  0.000842794
  0.000851445
  0.000860595
  0.000870199
  0.000880335
  0.000891017
  0.000902275
  0.000914165
  0.000926724
  0.000939971
  0.000954011
  0.000968854
  0.000984594
   0.00100122
   0.00101887
   0.00103759
   0.00105750
   0.00107862
   0.00110111
   0.00112504
   0.00115051
   0.00117767
   0.00120666
   0.00123758
   0.00127067
   0.00130606
   0.00134397
   0.00138460
   0.00142819
   0.00147502
   0.00152542
   0.00157967
   0.00163814
   0.00170132
   0.00176955
   0.00184341
   0.00192351
   0.00201047
   0.00210493
   0.00220791
   0.00232013
   0.00244277
   0.00257707
   0.00272443
   0.00288636
   0.00306479
   0.00326183
   0.00347998
   0.00372211
   0.00399186
   0.00429323
   0.00463110
   0.00501139
   0.00544150
   0.00593024
   0.00648874
   0.00713121
   0.00787542
   0.00874445
   0.00976872
    0.0109878
    0.0124549
    0.0142419
    0.0164485
    0.0192158
    0.0227434
    0.0273215
    0.0333649
    0.0414431
    0.0523112
    0.0669346
    0.0864108
     0.111616
     0.143075
     0.181088
     0.222850
     0.265740
     0.338333
     0.369187
     0.397305
     0.409042
     0.432745
     0.443304
     0.453296
     0.459590
     0.464715
     0.468008
     0.469250
     0.468653
     0.467740
     0.466103
     0.463725
     0.460431
     0.456778
     0.452920
     0.448481
     0.443699
     0.438632
     0.433397
     0.427915
     0.422168
     0.416302
     0.410339
     0.404324
     0.398232
     0.392045
     0.385793
     0.379527
     0.373259
     0.367003
     0.360741
     0.354501
     0.348243
     0.342007
     0.335773
     0.329571
     0.323388
     0.317255
     0.311139
     0.305068
     0.299008
     0.292995
     0.286987
     0.281023
     0.275072
     0.269181
     0.263311
     0.257505
     0.251715
     0.245986
     0.240268
     0.234607
     0.228959
     0.223364
     0.217785
     0.212251
     0.206749
     0.201285
     0.195870
     0.190479
     0.185154
     0.179828
     0.174591
     0.169325
     0.164176
     0.158970
     0.153910
     0.148766
     0.143792
     0.138709
     0.133818
     0.128808
     0.123991
     0.119054
     0.114303
     0.109435
     0.104747
    0.0999400
    0.0953016
    0.0905215
    0.0858677
    0.0805450
    0.0805450
    0.0805450
