  0.000690746
  0.000690746
  0.000690746
  0.000690821
  0.000690909
  0.000691029
  0.000691179
  0.000691348
  0.000691555
  0.000691775
  0.000692031
  0.000692302
  0.000692612
  0.000692932
  0.000693289
  0.000693661
  0.000694066
  0.000694489
  0.000694943
  0.000695415
  0.000695918
  0.000696439
  0.000696991
  0.000697561
  0.000698167
  0.000698784
  0.000699435
  0.000700110
  0.000700809
  0.000701536
  0.000702286
  0.000703062
  0.000703869
  0.000704695
  0.000705561
  0.000706443
  0.000707356
  0.000708300
  0.000709271
  0.000710281
  0.000711307
  0.000712369
  0.000713467
  0.000714595
  0.000715758
  0.000716951
  0.000718182
  0.000719452
  0.000720757
  0.000722104
  0.000723484
  0.000724911
  0.000726383
  0.000727907
  0.000729460
  0.000731074
  0.000732737
  0.000734445
  0.000736210
  0.000738043
  0.000739916
  0.000741868
  0.000743880
  0.000745964
  0.000748117
  0.000750341
  0.000752646
  0.000755034
  0.000757498
  0.000760061
  0.000762729
  0.000765478
  0.000768347
  0.000771329
  0.000774414
  0.000777623
  0.000780978
  0.000784453
  0.000788078
  0.000791855
  0.000795791
  0.000799897
  0.000804189
  0.000808644
  0.000813330
  0.000818221
  0.000823318
  0.000828680
  0.000834263
  0.000840130
  0.000846272
  0.000852708
  0.000859472
  0.000866563
  0.000874034
  0.000881842
  0.000890097
  0.000898735
  0.000907873
  0.000917469
  0.000927599
  0.000938279
  0.000949537
  0.000961433
  0.000974001
  0.000987264
   0.00100132
   0.00101620
   0.00103197
   0.00104864
   0.00106635
   0.00108513
   0.00110512
   0.00112633
   0.00114892
   0.00117298
   0.00119859
   0.00122592
   0.00125510
   0.00128625
   0.00131960
   0.00135529
   0.00139355
   0.00143459
   0.00147865
   0.00152602
   0.00157705
   0.00163203
   0.00169135
   0.00175552
   0.00182490
   0.00190010
   0.00198177
   0.00207058
   0.00216722
   0.00227274
   0.00238801
   0.00251425
   0.00265284
   0.00280533
   0.00297343
   0.00315927
   0.00336531
   0.00359438
   0.00384989
   0.00413607
   0.00445780
   0.00482099
   0.00523305
   0.00570323
   0.00624292
   0.00686648
   0.00759250
   0.00844435
   0.00945244
    0.0106567
    0.0121095
    0.0138808
    0.0160658
    0.0187955
    0.0222540
    0.0266973
    0.0324881
    0.0401278
    0.0502933
    0.0638731
    0.0819406
     0.105550
     0.135612
     0.173334
     0.217603
     0.266318
     0.315450
     0.387303
     0.422392
     0.453701
     0.464441
     0.485808
     0.496226
     0.503758
     0.507625
     0.508352
     0.508333
     0.506697
     0.503139
     0.498272
     0.492607
     0.486581
     0.479853
     0.472680
     0.465017
     0.457183
     0.449060
     0.440793
     0.432351
     0.423842
     0.415158
     0.406468
     0.397702
     0.389016
     0.380308
     0.371730
     0.363160
     0.354750
     0.346371
     0.338168
     0.330014
     0.322053
     0.314153
     0.306451
     0.298819
     0.291385
     0.284043
     0.276891
     0.269798
     0.262901
     0.256074
     0.249440
     0.242875
     0.236497
     0.230188
     0.224057
     0.217994
     0.212099
     0.206274
     0.200605
     0.195003
     0.189547
     0.184159
     0.178905
     0.173720
     0.168657
     0.163667
     0.158783
     0.153976
     0.149262
     0.144628
     0.140069
     0.135599
     0.131186
     0.126867
     0.122588
     0.118410
     0.114256
     0.110208
     0.106170
     0.102237
    0.0983088
    0.0944813
    0.0906514
    0.0869201
    0.0831809
    0.0795363
    0.0758774
    0.0723092
    0.0686943
    0.0651590
    0.0611357
    0.0611357
    0.0611357
