  0.000323060
  0.000323060
  0.000323060
  0.000323082
  0.000323116
  0.000323169
  0.000323231
  0.000323307
  0.000323393
  0.000323491
  0.000323598
  0.000323717
  0.000323847
  0.000323986
  0.000324136
  0.000324296
  0.000324464
  0.000324645
  0.000324834
  0.000325034
  0.000325242
  0.000325461
  0.000325689
  0.000325928
  0.000326179
  0.000326435
  0.000326703
  0.000326984
  0.000327270
  0.000327571
  0.000327878
  0.000328198
  0.000328528
  0.000328867
  0.000329220
  0.000329582
  0.000329953
  0.000330340
  0.000330733
  0.000331147
  0.000331562
  0.000331994
  0.000332439
  0.000332897
  0.000333367
  0.000333851
  0.000334347
  0.000334861
  0.000335387
  0.000335931
  0.000336486
  0.000337061
  0.000337653
  0.000338267
  0.000338888
  0.000339537
  0.000340204
  0.000340887
  0.000341592
  0.000342328
  0.000343074
  0.000343855
  0.000344656
  0.000345488
  0.000346345
  0.000347230
  0.000348145
  0.000349096
  0.000350071
  0.000351089
  0.000352146
  0.000353234
  0.000354367
  0.000355548
  0.000356763
  0.000358030
  0.000359352
  0.000360720
  0.000362143
  0.000363630
  0.000365172
  0.000366782
  0.000368464
  0.000370204
  0.000372036
  0.000373947
  0.000375930
  0.000378021
  0.000380188
  0.000382470
  0.000384850
  0.000387344
  0.000389959
  0.000392700
  0.000395582
  0.000398589
  0.000401764
  0.000405081
  0.000408585
  0.000412259
  0.000416128
  0.000420206
  0.000424490
  0.000429016
  0.000433784
  0.000438809
  0.000444122
  0.000449736
  0.000455675
  0.000461941
  0.000468578
  0.000475608
  0.000483071
  0.000490972
  0.000499369
  0.000508294
  0.000517768
  0.000527856
  0.000538600
  0.000550044
  0.000562263
  0.000575311
  0.000589261
  0.000604191
  0.000620179
  0.000637327
  0.000655762
  0.000675574
  0.000696906
  0.000719933
  0.000744787
  0.000771672
  0.000800833
  0.000832495
  0.000866917
  0.000904474
  0.000945488
  0.000990400
   0.00103974
   0.00109407
   0.00115407
   0.00122054
   0.00129445
   0.00137691
   0.00146930
   0.00157329
   0.00169087
   0.00182446
   0.00197709
   0.00215249
   0.00235531
   0.00259133
   0.00286799
   0.00319461
   0.00358325
   0.00404954
   0.00461391
   0.00530309
   0.00615288
   0.00721066
   0.00853963
    0.0102210
    0.0123610
    0.0150953
    0.0185941
    0.0230551
    0.0286764
    0.0356506
    0.0442086
    0.0543529
    0.0658837
    0.0787076
    0.0933254
     0.122727
     0.131729
     0.139359
     0.145078
     0.153280
     0.157437
     0.162890
     0.166100
     0.169214
     0.171370
     0.173132
     0.174413
     0.175101
     0.175383
     0.175237
     0.174857
     0.174331
     0.173547
     0.172541
     0.171271
     0.169861
     0.168368
     0.166720
     0.164980
     0.163081
     0.161085
     0.159033
     0.156924
     0.154760
     0.152539
     0.150248
     0.147930
     0.145588
     0.143242
     0.140870
     0.138494
     0.136093
     0.133687
     0.131267
     0.128863
     0.126459
     0.124074
     0.121688
     0.119320
     0.116952
     0.114602
     0.112252
     0.109927
     0.107609
     0.105322
     0.103043
     0.100794
    0.0985526
    0.0963420
    0.0941356
    0.0919630
    0.0897927
    0.0876595
    0.0855250
    0.0834313
    0.0813343
    0.0792841
    0.0772281
    0.0752232
    0.0732066
    0.0712458
    0.0692672
    0.0673478
    0.0654059
    0.0635278
    0.0616215
    0.0597842
    0.0579121
    0.0561137
    0.0542754
    0.0525134
    0.0507087
    0.0489787
    0.0472075
    0.0455058
    0.0437647
    0.0420850
    0.0403568
    0.0386654
    0.0366880
    0.0366880
    0.0366880
