      640.517      640.517      640.517      640.637      640.751      640.915
      641.096      641.307      641.547      641.809      642.099      642.411
      642.754      643.116      643.506      643.919      644.357      644.820
      645.308      645.819      646.355      646.915      647.499      648.108
      648.746      649.401      650.085      650.797      651.527      652.291
      653.072      653.885      654.722      655.585      656.481      657.399
      658.341      659.322      660.322      661.367      662.422      663.519
      664.646      665.808      666.999      668.227      669.486      670.790
      672.122      673.503      674.911      676.372      677.871      679.429
      681.008      682.656      684.346      686.087      687.878      689.746
      691.645      693.631      695.668      697.786      699.965      702.223
      704.554      706.975      709.466      712.061      714.756      717.537
      720.433      723.446      726.558      729.799      733.181      736.688
      740.338      744.147      748.109      752.245      756.563      761.047
      765.758      770.679      775.800      781.191      786.795      792.690
      798.852      805.312      812.096      819.209      826.699      834.523
      842.794      851.445      860.595      870.199      880.335      891.017
      902.275      914.165      926.724      939.971      954.010      968.854
      984.594      1001.22      1018.87      1037.59      1057.50      1078.62
      1101.11      1125.04      1150.51      1177.67      1206.66      1237.58
      1270.67      1306.06      1343.97      1384.60      1428.19      1475.02
      1525.42      1579.67      1638.14      1701.32      1769.55      1843.41
      1923.51      2010.47      2104.93      2207.91      2320.13      2442.77
      2577.07      2724.43      2886.36      3064.79      3261.83      3479.98
      3722.11      3991.86      4293.23      4631.10      5011.39      5441.50
      5930.24      6488.74      7131.21      7875.42      8744.45      9768.72
      10987.8      12454.9      14241.9      16448.5      19215.8      22743.4
      27321.5      33364.9      41443.1      52311.2      66934.6      86410.8
      111616.      143075.      181088.      222850.      265740.      338333.
      369187.      397305.      409042.      432745.      443304.      453296.
      459590.      464715.      468008.      469250.      468653.      467740.
      466103.      463725.      460431.      456778.      452920.      448481.
      443699.      438632.      433397.      427915.      422168.      416302.
      410339.      404324.      398232.      392045.      385793.      379527.
      373259.      367003.      360741.      354501.      348243.      342007.
      335773.      329571.      323388.      317255.      311139.      305068.
      299008.      292995.      286987.      281023.      275072.      269181.
      263311.      257505.      251715.      245986.      240268.      234607.
      228959.      223364.      217785.      212251.      206749.      201285.
      195870.      190479.      185154.      179828.      174591.      169325.
      164176.      158970.      153910.      148766.      143792.      138708.
      133818.      128808.      123991.      119054.      114303.      109435.
      104747.      99940.0      95301.6      90521.5      85867.7      80545.0
      80545.0      80545.0
