      690.746      690.746      690.746      690.821      690.909      691.029
      691.179      691.348      691.555      691.775      692.031      692.302
      692.612      692.932      693.289      693.661      694.066      694.489
      694.943      695.415      695.918      696.439      696.991      697.561
      698.167      698.784      699.435      700.110      700.809      701.536
      702.286      703.062      703.869      704.695      705.561      706.443
      707.356      708.300      709.271      710.281      711.307      712.369
      713.467      714.595      715.758      716.951      718.182      719.452
      720.757      722.104      723.484      724.911      726.383      727.907
      729.460      731.074      732.737      734.445      736.210      738.043
      739.916      741.868      743.880      745.964      748.117      750.341
      752.646      755.034      757.498      760.061      762.729      765.478
      768.347      771.329      774.414      777.623      780.978      784.453
      788.078      791.855      795.791      799.897      804.189      808.644
      813.330      818.221      823.318      828.680      834.263      840.130
      846.272      852.708      859.471      866.563      874.034      881.842
      890.097      898.735      907.873      917.469      927.599      938.279
      949.537      961.433      974.001      987.264      1001.32      1016.20
      1031.97      1048.64      1066.35      1085.13      1105.12      1126.33
      1148.92      1172.98      1198.59      1225.92      1255.10      1286.25
      1319.60      1355.29      1393.55      1434.59      1478.65      1526.02
      1577.05      1632.03      1691.35      1755.52      1824.90      1900.10
      1981.77      2070.58      2167.22      2272.74      2388.01      2514.25
      2652.84      2805.33      2973.43      3159.27      3365.31      3594.38
      3849.89      4136.07      4457.80      4820.99      5233.05      5703.23
      6242.92      6866.48      7592.50      8444.35      9452.44      10656.7
      12109.5      13880.8      16065.8      18795.5      22254.0      26697.3
      32488.1      40127.8      50293.3      63873.1      81940.6      105550.
      135612.      173334.      217603.      266318.      315450.      387303.
      422392.      453700.      464441.      485808.      496226.      503758.
      507625.      508352.      508333.      506697.      503139.      498272.
      492607.      486581.      479853.      472680.      465017.      457183.
      449060.      440793.      432351.      423842.      415158.      406468.
      397702.      389016.      380308.      371730.      363160.      354750.
      346371.      338168.      330014.      322053.      314153.      306451.
      298819.      291385.      284043.      276891.      269798.      262901.
      256074.      249440.      242875.      236497.      230188.      224057.
      217994.      212099.      206274.      200605.      195003.      189547.
      184159.      178905.      173720.      168657.      163667.      158783.
      153976.      149262.      144628.      140069.      135599.      131186.
      126867.      122588.      118410.      114256.      110208.      106170.
      102237.      98308.8      94481.3      90651.4      86920.1      83180.9
      79536.3      75877.4      72309.2      68694.3      65159.0      61135.7
      61135.7      61135.7
