   0.00124628
   0.00124628
   0.00124628
   0.00124651
   0.00124672
   0.00124708
   0.00124743
   0.00124786
   0.00124831
   0.00124883
   0.00124936
   0.00124995
   0.00125057
   0.00125123
   0.00125192
   0.00125266
   0.00125342
   0.00125423
   0.00125506
   0.00125595
   0.00125685
   0.00125780
   0.00125877
   0.00125979
   0.00126084
   0.00126193
   0.00126304
   0.00126421
   0.00126539
   0.00126664
   0.00126789
   0.00126921
   0.00127054
   0.00127193
   0.00127334
   0.00127481
   0.00127629
   0.00127784
   0.00127941
   0.00128105
   0.00128270
   0.00128442
   0.00128616
   0.00128798
   0.00128981
   0.00129172
   0.00129365
   0.00129567
   0.00129771
   0.00129983
   0.00130198
   0.00130422
   0.00130650
   0.00130887
   0.00131127
   0.00131377
   0.00131632
   0.00131896
   0.00132166
   0.00132447
   0.00132732
   0.00133031
   0.00133335
   0.00133653
   0.00133977
   0.00134315
   0.00134661
   0.00135021
   0.00135390
   0.00135775
   0.00136172
   0.00136584
   0.00137010
   0.00137453
   0.00137910
   0.00138386
   0.00138879
   0.00139393
   0.00139925
   0.00140480
   0.00141055
   0.00141655
   0.00142279
   0.00142929
   0.00143607
   0.00144316
   0.00145052
   0.00145824
   0.00146627
   0.00147469
   0.00148346
   0.00149265
   0.00150227
   0.00151235
   0.00152291
   0.00153395
   0.00154555
   0.00155770
   0.00157048
   0.00158388
   0.00159797
   0.00161279
   0.00162835
   0.00164475
   0.00166200
   0.00168017
   0.00169933
   0.00171954
   0.00174088
   0.00176337
   0.00178713
   0.00181226
   0.00183885
   0.00186697
   0.00189677
   0.00192836
   0.00196184
   0.00199736
   0.00203509
   0.00207518
   0.00211783
   0.00216323
   0.00221160
   0.00226317
   0.00231820
   0.00237699
   0.00243989
   0.00250721
   0.00257936
   0.00265683
   0.00274003
   0.00282954
   0.00292606
   0.00303022
   0.00314279
   0.00326477
   0.00339710
   0.00354099
   0.00369791
   0.00386943
   0.00405738
   0.00426396
   0.00449182
   0.00474393
   0.00502401
   0.00533655
   0.00568684
   0.00608120
   0.00652755
   0.00703565
   0.00761742
   0.00828764
   0.00906529
   0.00997387
    0.0110437
    0.0123144
    0.0138372
    0.0156800
    0.0179348
    0.0207260
    0.0242255
    0.0286596
    0.0343324
    0.0416350
    0.0510584
    0.0631708
    0.0785277
    0.0976278
     0.121157
     0.149335
     0.181463
     0.217111
     0.257874
     0.310982
     0.352958
     0.380275
     0.395960
     0.422917
     0.435122
     0.447976
     0.456327
     0.462031
     0.466051
     0.469234
     0.470540
     0.470272
     0.468405
     0.465890
     0.462535
     0.458431
     0.453369
     0.447676
     0.441696
     0.435406
     0.428694
     0.421696
     0.414476
     0.407167
     0.399746
     0.392200
     0.384511
     0.376821
     0.369072
     0.361360
     0.353612
     0.345930
     0.338249
     0.330666
     0.323099
     0.315639
     0.308213
     0.300911
     0.293661
     0.286549
     0.279503
     0.272602
     0.265774
     0.259090
     0.252484
     0.246020
     0.239640
     0.233399
     0.227250
     0.221232
     0.215311
     0.209513
     0.203814
     0.198227
     0.192746
     0.187363
     0.182092
     0.176903
     0.171833
     0.166830
     0.161954
     0.157127
     0.152436
     0.147776
     0.143263
     0.138764
     0.134418
     0.130076
     0.125890
     0.121698
     0.117665
     0.113619
     0.109730
     0.105824
     0.102077
    0.0983018
    0.0946962
    0.0910494
    0.0875827
    0.0840651
    0.0807376
    0.0773316
    0.0741482
    0.0707164
    0.0707164
    0.0707164
