     0.129880
     0.129880
     0.129749
     0.129617
     0.129483
     0.129347
     0.129210
     0.129071
     0.128931
     0.128789
     0.128645
     0.128499
     0.128352
     0.128202
     0.128051
     0.127898
     0.127743
     0.127586
     0.127427
     0.127266
     0.127103
     0.126937
     0.126769
     0.126598
     0.126425
     0.126248
     0.126069
     0.125887
     0.125702
     0.125514
     0.125322
     0.125126
     0.124926
     0.124722
     0.124513
     0.124300
     0.124082
     0.123858
     0.123629
     0.123394
     0.123153
     0.122904
     0.122649
     0.122386
     0.122115
     0.121836
     0.121548
     0.121250
     0.120942
     0.120624
     0.120294
     0.119953
     0.119599
     0.119233
     0.118853
     0.118458
     0.118049
     0.117624
     0.117183
     0.116724
     0.116249
     0.115754
     0.115241
     0.114708
     0.114154
     0.113580
     0.112983
     0.112365
     0.111723
     0.111058
     0.110369
     0.109655
     0.108916
     0.108151
     0.107361
     0.106545
     0.105702
     0.104832
     0.103935
     0.103012
     0.102061
     0.101083
     0.100079
    0.0990480
    0.0979905
    0.0969069
    0.0957977
    0.0946633
    0.0935043
    0.0923214
    0.0911153
    0.0898869
    0.0886371
    0.0873666
    0.0860766
    0.0847682
    0.0834427
    0.0821012
    0.0807450
    0.0793755
    0.0779940
    0.0766021
    0.0752012
    0.0737927
    0.0723783
    0.0709595
    0.0695379
    0.0681150
    0.0666927
    0.0652722
    0.0638554
    0.0624436
    0.0610386
    0.0596417
    0.0582546
    0.0568786
    0.0555153
    0.0541659
    0.0528316
    0.0515138
    0.0502136
    0.0489323
    0.0476708
    0.0464301
    0.0452112
    0.0440149
    0.0428419
    0.0416930
    0.0405687
    0.0394696
    0.0383961
    0.0373486
    0.0363275
    0.0353328
    0.0343648
    0.0334236
    0.0325091
    0.0316213
    0.0307601
    0.0299253
    0.0291166
    0.0283339
    0.0275767
    0.0268445
    0.0261369
    0.0254535
    0.0247938
    0.0241572
    0.0235431
    0.0229508
    0.0223798
    0.0218294
    0.0212989
    0.0207876
    0.0202949
    0.0198201
    0.0193624
    0.0189212
    0.0184958
    0.0180854
    0.0176896
    0.0173075
    0.0169387
    0.0165827
    0.0162395
    0.0159092
    0.0155923
    0.0152891
    0.0150000
    0.0147250
    0.0144643
    0.0142179
    0.0139860
    0.0137681
    0.0135634
    0.0133712
    0.0131906
    0.0130205
    0.0128601
    0.0127083
    0.0125644
    0.0124276
    0.0122969
    0.0121719
    0.0120517
    0.0119357
    0.0118235
    0.0117144
    0.0116078
    0.0115034
    0.0114005
    0.0112988
    0.0111982
    0.0110984
    0.0109996
    0.0109016
    0.0108046
    0.0107085
    0.0106134
    0.0105192
    0.0104260
    0.0103337
    0.0102424
    0.0101521
    0.0100628
   0.00997439
   0.00988704
   0.00980070
   0.00971537
   0.00963103
   0.00954770
   0.00946539
   0.00938409
   0.00930382
   0.00922458
   0.00914636
   0.00906916
   0.00899300
   0.00891787
   0.00884378
   0.00877072
   0.00869869
   0.00862770
   0.00855774
   0.00848883
   0.00842096
   0.00835411
   0.00828830
   0.00822351
   0.00815977
   0.00809705
   0.00803536
   0.00797471
   0.00791508
   0.00785648
   0.00779891
   0.00774235
   0.00768682
   0.00763231
   0.00757882
   0.00752634
   0.00747487
   0.00742441
   0.00737497
   0.00732654
   0.00727910
   0.00723267
   0.00718725
   0.00714282
   0.00709938
   0.00705694
   0.00701549
   0.00697503
   0.00693557
   0.00689709
   0.00685960
   0.00682311
   0.00678760
   0.00675309
   0.00671910
