     0.129880
     0.129880
     0.129769
     0.129659
     0.129548
     0.129437
     0.129326
     0.129215
     0.129104
     0.128993
     0.128882
     0.128772
     0.128662
     0.128552
     0.128441
     0.128331
     0.128221
     0.128110
     0.127998
     0.127885
     0.127771
     0.127656
     0.127539
     0.127421
     0.127300
     0.127178
     0.127053
     0.126926
     0.126797
     0.126664
     0.126530
     0.126392
     0.126251
     0.126108
     0.125961
     0.125811
     0.125657
     0.125499
     0.125338
     0.125172
     0.125002
     0.124828
     0.124648
     0.124464
     0.124274
     0.124078
     0.123876
     0.123669
     0.123454
     0.123233
     0.123004
     0.122768
     0.122524
     0.122272
     0.122011
     0.121741
     0.121462
     0.121173
     0.120874
     0.120565
     0.120244
     0.119912
     0.119568
     0.119212
     0.118843
     0.118461
     0.118065
     0.117655
     0.117231
     0.116791
     0.116335
     0.115864
     0.115376
     0.114870
     0.114348
     0.113807
     0.113247
     0.112669
     0.112072
     0.111454
     0.110817
     0.110159
     0.109479
     0.108779
     0.108057
     0.107313
     0.106546
     0.105757
     0.104946
     0.104111
     0.103253
     0.102373
     0.101469
     0.100542
    0.0995913
    0.0986179
    0.0976217
    0.0966027
    0.0955612
    0.0944977
    0.0934124
    0.0923058
    0.0911784
    0.0900307
    0.0888635
    0.0876775
    0.0864733
    0.0852519
    0.0840141
    0.0827610
    0.0814934
    0.0802126
    0.0789196
    0.0776157
    0.0763021
    0.0749800
    0.0736509
    0.0723161
    0.0709766
    0.0696343
    0.0682904
    0.0669465
    0.0656039
    0.0642642
    0.0629288
    0.0615992
    0.0602769
    0.0589633
    0.0576598
    0.0563678
    0.0550888
    0.0538239
    0.0525746
    0.0513420
    0.0501274
    0.0489317
    0.0477562
    0.0466016
    0.0454690
    0.0443591
    0.0432726
    0.0422102
    0.0411724
    0.0401593
    0.0391715
    0.0382091
    0.0372723
    0.0363611
    0.0354754
    0.0346150
    0.0337796
    0.0329689
    0.0321826
    0.0314202
    0.0306811
    0.0299648
    0.0292706
    0.0285980
    0.0279463
    0.0273147
    0.0267025
    0.0261091
    0.0255338
    0.0249764
    0.0244368
    0.0239156
    0.0234137
    0.0229320
    0.0224710
    0.0220311
    0.0216127
    0.0212163
    0.0208421
    0.0204894
    0.0201574
    0.0198448
    0.0195503
    0.0192724
    0.0190096
    0.0187606
    0.0185239
    0.0182984
    0.0180828
    0.0178759
    0.0176768
    0.0174845
    0.0172979
    0.0171163
    0.0169388
    0.0167645
    0.0165926
    0.0164225
    0.0162540
    0.0160868
    0.0159209
    0.0157565
    0.0155934
    0.0154319
    0.0152718
    0.0151132
    0.0149562
    0.0148007
    0.0146468
    0.0144946
    0.0143439
    0.0141949
    0.0140476
    0.0139020
    0.0137582
    0.0136160
    0.0134756
    0.0133369
    0.0132000
    0.0130649
    0.0129316
    0.0128001
    0.0126704
    0.0125426
    0.0124166
    0.0122924
    0.0121700
    0.0120495
    0.0119309
    0.0118141
    0.0116992
    0.0115861
    0.0114749
    0.0113655
    0.0112580
    0.0111523
    0.0110485
    0.0109465
    0.0108464
    0.0107481
    0.0106516
    0.0105570
    0.0104642
    0.0103732
    0.0102840
    0.0101966
    0.0101110
    0.0100272
   0.00994516
   0.00986489
   0.00978641
   0.00970966
   0.00963466
   0.00956141
   0.00948987
   0.00942006
   0.00935195
   0.00928555
   0.00922084
   0.00915783
   0.00909649
   0.00903682
   0.00897884
   0.00892251
   0.00886786
   0.00881424
