     0.129880
     0.129880
     0.129789
     0.129698
     0.129607
     0.129517
     0.129427
     0.129337
     0.129249
     0.129162
     0.129076
     0.128991
     0.128906
     0.128823
     0.128739
     0.128656
     0.128572
     0.128488
     0.128403
     0.128318
     0.128231
     0.128142
     0.128052
     0.127961
     0.127867
     0.127771
     0.127674
     0.127574
     0.127471
     0.127366
     0.127259
     0.127149
     0.127036
     0.126920
     0.126802
     0.126679
     0.126554
     0.126425
     0.126292
     0.126155
     0.126015
     0.125869
     0.125719
     0.125565
     0.125405
     0.125240
     0.125069
     0.124892
     0.124709
     0.124519
     0.124322
     0.124117
     0.123905
     0.123684
     0.123455
     0.123217
     0.122969
     0.122710
     0.122442
     0.122162
     0.121870
     0.121566
     0.121249
     0.120919
     0.120575
     0.120216
     0.119843
     0.119453
     0.119047
     0.118624
     0.118183
     0.117724
     0.117246
     0.116748
     0.116230
     0.115691
     0.115130
     0.114547
     0.113941
     0.113311
     0.112658
     0.111980
     0.111276
     0.110547
     0.109791
     0.109010
     0.108200
     0.107364
     0.106500
     0.105608
     0.104688
     0.103740
     0.102764
     0.101760
     0.100727
    0.0996668
    0.0985788
    0.0974634
    0.0963212
    0.0951528
    0.0939586
    0.0927394
    0.0914962
    0.0902297
    0.0889410
    0.0876313
    0.0863017
    0.0849535
    0.0835883
    0.0822074
    0.0808123
    0.0794049
    0.0779867
    0.0765595
    0.0751251
    0.0736854
    0.0722424
    0.0707978
    0.0693532
    0.0679109
    0.0664725
    0.0650399
    0.0636149
    0.0621992
    0.0607943
    0.0594019
    0.0580234
    0.0566602
    0.0553134
    0.0539845
    0.0526743
    0.0513839
    0.0501141
    0.0488659
    0.0476396
    0.0464362
    0.0452560
    0.0440996
    0.0429672
    0.0418594
    0.0407763
    0.0397184
    0.0386856
    0.0376780
    0.0366958
    0.0357390
    0.0348077
    0.0339018
    0.0330211
    0.0321655
    0.0313347
    0.0305285
    0.0297465
    0.0289884
    0.0282536
    0.0275418
    0.0268524
    0.0261848
    0.0255385
    0.0249128
    0.0243071
    0.0237208
    0.0231533
    0.0226043
    0.0220739
    0.0215627
    0.0210714
    0.0206010
    0.0201520
    0.0197247
    0.0193195
    0.0189367
    0.0185764
    0.0182379
    0.0179203
    0.0176224
    0.0173427
    0.0170798
    0.0168321
    0.0165983
    0.0163769
    0.0161668
    0.0159668
    0.0157757
    0.0155925
    0.0154163
    0.0152461
    0.0150811
    0.0149205
    0.0147635
    0.0146094
    0.0144575
    0.0143076
    0.0141595
    0.0140133
    0.0138688
    0.0137262
    0.0135854
    0.0134465
    0.0133094
    0.0131742
    0.0130409
    0.0129094
    0.0127798
    0.0126520
    0.0125260
    0.0124019
    0.0122796
    0.0121592
    0.0120406
    0.0119237
    0.0118087
    0.0116955
    0.0115840
    0.0114742
    0.0113663
    0.0112600
    0.0111554
    0.0110526
    0.0109514
    0.0108518
    0.0107539
    0.0106577
    0.0105630
    0.0104699
    0.0103784
    0.0102884
    0.0102000
    0.0101131
    0.0100276
   0.00994367
   0.00986116
   0.00978008
   0.00970042
   0.00962215
   0.00954527
   0.00946973
   0.00939555
   0.00932269
   0.00925114
   0.00918088
   0.00911190
   0.00904418
   0.00897772
   0.00891249
   0.00884847
   0.00878566
   0.00872404
   0.00866359
   0.00860430
   0.00854616
   0.00848916
   0.00843328
   0.00837853
   0.00832487
   0.00827232
   0.00822088
   0.00817052
   0.00812126
   0.00807293
