      9.41559
      9.41559
      9.39882
      9.38168
      9.36421
      9.34684
      9.32953
      9.31227
      9.29506
      9.27792
      9.26083
      9.24380
      9.22683
      9.20991
      9.19303
      9.17621
      9.15941
      9.14265
      9.12591
      9.10917
      9.09243
      9.07567
      9.05887
      9.04203
      9.02512
      9.00812
      8.99102
      8.97380
      8.95643
      8.93889
      8.92117
      8.90323
      8.88507
      8.86664
      8.84793
      8.82891
      8.80955
      8.78984
      8.76973
      8.74920
      8.72822
      8.70675
      8.68477
      8.66224
      8.63912
      8.61539
      8.59101
      8.56593
      8.54013
      8.51356
      8.48619
      8.45799
      8.42891
      8.39891
      8.36797
      8.33604
      8.30309
      8.26908
      8.23399
      8.19778
      8.16043
      8.12190
      8.08217
      8.04121
      7.99901
      7.95555
      7.91081
      7.86478
      7.81744
      7.76879
      7.71883
      7.66756
      7.61497
      7.56108
      7.50588
      7.44940
      7.39164
      7.33262
      7.27236
      7.21089
      7.14822
      7.08439
      7.01941
      6.95333
      6.88617
      6.81796
      6.74875
      6.67857
      6.60745
      6.53544
      6.46257
      6.38890
      6.31446
      6.23927
      6.16339
      6.08687
      6.00975
      5.93206
      5.85386
      5.77519
      5.69608
      5.61659
      5.53675
      5.45660
      5.37620
      5.29558
      5.21478
      5.13385
      5.05283
      4.97177
      4.89071
      4.80969
      4.72875
      4.64795
      4.56733
      4.48693
      4.40681
      4.32702
      4.24757
      4.16856
      4.09001
      4.01199
      3.93454
      3.85772
      3.78158
      3.70618
      3.63157
      3.55781
      3.48495
      3.41305
      3.34217
      3.27235
      3.20365
      3.13612
      3.06982
      3.00478
      2.94105
      2.87868
      2.81770
      2.75815
      2.70006
      2.64346
      2.58838
      2.53481
      2.48280
      2.43235
      2.38346
      2.33614
      2.29039
      2.24621
      2.20359
      2.16251
      2.12297
      2.08495
      2.04844
      2.01340
      1.97982
      1.94768
      1.91694
      1.88758
      1.85957
      1.83289
      1.80749
      1.78335
      1.76043
      1.73869
      1.71811
      1.69863
      1.68022
      1.66281
      1.64632
      1.63067
      1.61576
      1.60150
      1.58781
      1.57462
      1.56188
      1.54953
      1.53751
      1.52578
      1.51431
      1.50305
      1.49198
      1.48106
      1.47027
      1.45958
      1.44897
      1.43843
      1.42793
      1.41746
      1.40700
      1.39655
      1.38609
      1.37562
      1.36514
      1.35465
      1.34414
      1.33362
      1.32309
      1.31254
      1.30198
      1.29140
      1.28080
      1.27019
      1.25955
      1.24889
      1.23822
      1.22752
      1.21680
      1.20606
      1.19530
      1.18451
      1.17370
      1.16286
      1.15200
      1.14111
      1.13019
      1.11925
      1.10828
      1.09728
      1.08626
      1.07521
      1.06412
      1.05301
      1.04188
      1.03071
      1.01951
      1.00828
     0.997024
     0.985738
     0.974424
     0.963082
     0.951712
     0.940316
     0.928893
     0.917449
     0.905979
     0.894487
     0.882978
     0.871448
     0.859902
     0.848343
     0.836774
     0.825196
     0.813616
     0.802034
     0.790455
     0.778886
     0.767327
     0.755787
     0.744269
     0.732782
     0.721331
     0.709925
     0.698569
     0.687273
     0.676047
     0.664890
     0.653848
     0.643076
