     0.150566
     0.150566
     0.150566
     0.150568
     0.150572
     0.150579
     0.150586
     0.150596
     0.150608
     0.150622
     0.150637
     0.150655
     0.150674
     0.150695
     0.150719
     0.150744
     0.150771
     0.150800
     0.150831
     0.150864
     0.150899
     0.150935
     0.150974
     0.151015
     0.151058
     0.151103
     0.151149
     0.151198
     0.151249
     0.151302
     0.151357
     0.151414
     0.151473
     0.151535
     0.151598
     0.151664
     0.151732
     0.151802
     0.151875
     0.151950
     0.152027
     0.152107
     0.152190
     0.152275
     0.152362
     0.152452
     0.152545
     0.152641
     0.152740
     0.152842
     0.152947
     0.153055
     0.153167
     0.153283
     0.153401
     0.153524
     0.153650
     0.153780
     0.153915
     0.154054
     0.154197
     0.154345
     0.154498
     0.154657
     0.154821
     0.154990
     0.155165
     0.155346
     0.155533
     0.155728
     0.155930
     0.156138
     0.156355
     0.156581
     0.156814
     0.157056
     0.157308
     0.157570
     0.157842
     0.158125
     0.158420
     0.158727
     0.159046
     0.159379
     0.159726
     0.160088
     0.160465
     0.160859
     0.161270
     0.161699
     0.162147
     0.162615
     0.163105
     0.163617
     0.164153
     0.164713
     0.165299
     0.165913
     0.166556
     0.167230
     0.167936
     0.168677
     0.169452
     0.170267
     0.171120
     0.172016
     0.172956
     0.173944
     0.174982
     0.176070
     0.177214
     0.178416
     0.179681
     0.181009
     0.182407
     0.183879
     0.185425
     0.187053
     0.188767
     0.190571
     0.192471
     0.194473
     0.196582
     0.198805
     0.201147
     0.203617
     0.206223
     0.208971
     0.211872
     0.214935
     0.218168
     0.221583
     0.225193
     0.229009
     0.233043
     0.237313
     0.241830
     0.246611
     0.251680
     0.257052
     0.262750
     0.268796
     0.275218
     0.282042
     0.289298
     0.297024
     0.305256
     0.314032
     0.323398
     0.333409
     0.344118
     0.355587
     0.367893
     0.381109
     0.395324
     0.410643
     0.427173
     0.445039
     0.464384
     0.485370
     0.508185
     0.533014
     0.560088
     0.589657
     0.621996
     0.657403
     0.696225
     0.738865
     0.785816
     0.837758
     0.895737
     0.961600
      1.03777
      1.12756
      1.15719
      1.16335
      1.16060
      1.15412
      1.14593
      1.13699
      1.12776
      1.11842
      1.10907
      1.09973
      1.09040
      1.08111
      1.07185
      1.06264
      1.05346
      1.04431
      1.03517
      1.02605
      1.01696
      1.00788
     0.998814
     0.989767
     0.980739
     0.971735
     0.962752
     0.953787
     0.944841
     0.935917
     0.927012
     0.918127
     0.909261
     0.900410
     0.891579
     0.882766
     0.873972
     0.865194
     0.856432
     0.847687
     0.838957
     0.830241
     0.821540
     0.812854
     0.804183
     0.795525
     0.786882
     0.778251
     0.769632
     0.761026
     0.752430
     0.743845
     0.735272
     0.726710
     0.718155
     0.709610
     0.701073
     0.692545
     0.684023
     0.675508
     0.666999
     0.658494
     0.649992
     0.641495
     0.632997
     0.624500
     0.616004
     0.607504
     0.599001
     0.590491
     0.581973
     0.573445
     0.564903
     0.556343
     0.547760
     0.539150
     0.530504
     0.521813
     0.513067
     0.504251
     0.495347
     0.486332
     0.477176
     0.467850
     0.458354
     0.448832
     0.440231
     0.431908
