      9.41559
      9.41559
      9.39805
      9.38023
      9.36213
      9.34415
      9.32622
      9.30835
      9.29055
      9.27282
      9.25516
      9.23758
      9.22007
      9.20262
      9.18524
      9.16790
      9.15061
      9.13335
      9.11611
      9.09888
      9.08164
      9.06438
      9.04709
      9.02974
      9.01232
      8.99482
      8.97721
      8.95948
      8.94160
      8.92356
      8.90533
      8.88690
      8.86824
      8.84932
      8.83012
      8.81062
      8.79079
      8.77060
      8.75002
      8.72902
      8.70757
      8.68563
      8.66317
      8.64017
      8.61658
      8.59237
      8.56750
      8.54193
      8.51563
      8.48857
      8.46069
      8.43197
      8.40237
      8.37184
      8.34036
      8.30789
      8.27439
      8.23982
      8.20417
      8.16739
      8.12945
      8.09034
      8.05002
      8.00847
      7.96567
      7.92162
      7.87627
      7.82963
      7.78169
      7.73245
      7.68189
      7.63002
      7.57684
      7.52235
      7.46657
      7.40951
      7.35117
      7.29159
      7.23076
      7.16873
      7.10551
      7.04113
      6.97561
      6.90900
      6.84131
      6.77259
      6.70286
      6.63217
      6.56056
      6.48806
      6.41470
      6.34055
      6.26564
      6.18998
      6.11365
      6.03668
      5.95911
      5.88098
      5.80234
      5.72323
      5.64369
      5.56377
      5.48349
      5.40292
      5.32207
      5.24101
      5.15977
      5.07838
      4.99690
      4.91536
      4.83381
      4.75228
      4.67083
      4.58949
      4.50830
      4.42732
      4.34659
      4.26616
      4.18605
      4.10633
      4.02705
      3.94825
      3.86998
      3.79230
      3.71524
      3.63887
      3.56323
      3.48838
      3.41435
      3.34122
      3.26902
      3.19781
      3.12763
      3.05855
      2.99060
      2.92384
      2.85831
      2.79407
      2.73115
      2.66961
      2.60947
      2.55079
      2.49359
      2.43789
      2.38373
      2.33114
      2.28013
      2.23072
      2.18291
      2.13671
      2.09212
      2.04915
      2.00777
      1.96799
      1.92978
      1.89314
      1.85804
      1.82445
      1.79235
      1.76172
      1.73251
      1.70471
      1.67827
      1.65317
      1.62936
      1.60681
      1.58548
      1.56531
      1.54628
      1.52832
      1.51134
      1.49524
      1.47995
      1.46536
      1.45140
      1.43800
      1.42510
      1.41266
      1.40061
      1.38893
      1.37756
      1.36648
      1.35565
      1.34504
      1.33463
      1.32438
      1.31429
      1.30432
      1.29446
      1.28469
      1.27499
      1.26536
      1.25578
      1.24624
      1.23676
      1.22731
      1.21789
      1.20851
      1.19916
      1.18983
      1.18052
      1.17124
      1.16197
      1.15271
      1.14346
      1.13422
      1.12498
      1.11574
      1.10650
      1.09724
      1.08799
      1.07872
      1.06943
      1.06013
      1.05081
      1.04147
      1.03210
      1.02271
      1.01330
      1.00385
     0.994374
     0.984865
     0.975323
     0.965746
     0.956134
     0.946487
     0.936800
     0.927075
     0.917311
     0.907508
     0.897665
     0.887784
     0.877863
     0.867903
     0.857904
     0.847871
     0.837798
     0.827690
     0.817550
     0.807376
     0.797172
     0.786940
     0.776682
     0.766402
     0.756105
     0.745789
     0.735462
     0.725128
     0.714790
     0.704453
     0.694123
     0.683806
     0.673509
     0.663240
     0.653003
     0.642808
     0.632665
     0.622575
     0.612571
     0.602802
