      0.00000
      0.00000
  5.13073e-13
  8.19223e-13
  1.11651e-12
  1.81511e-12
  3.40281e-12
  6.55709e-12
  1.18722e-11
  1.94698e-11
  2.85757e-11
  3.74115e-11
  4.36170e-11
  4.54131e-11
  4.34270e-11
  4.27085e-11
  5.41901e-11
  9.40746e-11
  1.79911e-10
  3.22973e-10
  5.18607e-10
  7.37896e-10
  9.28547e-10
  1.02749e-09
  9.85601e-10
  7.95429e-10
  5.07897e-10
  2.18996e-10
  3.33343e-11
  1.78464e-11
  1.68969e-10
  4.12325e-10
  6.44098e-10
  7.78625e-10
  7.82356e-10
  6.75338e-10
  5.09574e-10
  3.39483e-10
  2.00469e-10
  1.05446e-10
  5.00376e-11
  2.21387e-11
  9.70078e-12
  4.47938e-12
  2.14672e-12
  9.85317e-13
  3.61178e-13
  7.81458e-14
  4.07479e-15
  4.06165e-14
  8.87686e-14
  1.15674e-13
  1.21897e-13
  1.17390e-13
  1.10357e-13
  1.06023e-13
  1.06227e-13
  1.11539e-13
  1.21361e-13
  1.34707e-13
  1.50452e-13
  1.66890e-13
  1.82999e-13
  1.98294e-13
  2.13037e-13
  2.26852e-13
  2.38358e-13
  2.48093e-13
  2.57647e-13
  2.67829e-13
  2.79295e-13
  2.91676e-13
  3.02659e-13
  3.14942e-13
  3.27407e-13
  3.40392e-13
  3.52769e-13
  3.64772e-13
  3.76678e-13
  3.90256e-13
  4.04866e-13
  4.18772e-13
  4.33230e-13
  4.50036e-13
  4.65380e-13
  4.84084e-13
  5.03154e-13
  5.23314e-13
  5.43193e-13
  5.65817e-13
  5.89046e-13
  6.14052e-13
  6.40757e-13
  6.67650e-13
  6.96114e-13
  7.28840e-13
  7.62504e-13
  7.97587e-13
  8.37013e-13
  8.78863e-13
  9.23495e-13
  9.70715e-13
  1.02313e-12
  1.07914e-12
  1.14144e-12
  1.20940e-12
  1.28600e-12
  1.36971e-12
  1.46379e-12
  1.56827e-12
  1.68435e-12
  1.81605e-12
  1.96386e-12
  2.13111e-12
  2.31928e-12
  2.53542e-12
  2.78452e-12
  3.06806e-12
  3.39492e-12
  3.77653e-12
  4.21837e-12
  4.73560e-12
  5.34892e-12
  6.06894e-12
  6.92756e-12
  7.95297e-12
  9.19918e-12
  1.07150e-11
  1.25738e-11
  1.48803e-11
  1.77745e-11
  2.14579e-11
  2.62066e-11
  3.23711e-11
  4.05133e-11
  5.13906e-11
  6.59582e-11
  8.55514e-11
  1.11821e-10
  1.47050e-10
  1.94235e-10
  2.57384e-10
  3.42752e-10
  4.60187e-10
  6.23884e-10
  8.49042e-10
  1.13960e-09
  1.55583e-09
  2.26022e-09
  2.76724e-09
  2.30110e-09
  7.47315e-08
  2.22438e-06
  1.87780e-05
  5.86023e-05
  0.000705918
      26.0869
      37.8976
      36.4588
      32.2428
      27.6394
      22.9949
      17.9974
      14.0760
      10.4087
      7.19712
      3.62068
     0.347695
      1.86322
      3.08434
      3.03630
      2.61784
      2.21307
      1.91836
      1.71998
      1.55432
      1.37300
      1.14929
     0.948854
     0.803647
     0.680130
     0.565623
     0.447607
     0.331197
     0.221069
     0.126851
    0.0503936
    0.0118478
    0.0447991
    0.0540172
    0.0475620
    0.0367535
    0.0271815
    0.0196939
    0.0124787
   0.00432681
   0.00542856
    0.0146927
    0.0196155
    0.0217546
    0.0191282
    0.0153604
    0.0115013
   0.00832299
   0.00840660
    0.0117048
    0.0155689
    0.0171215
    0.0157325
    0.0129114
    0.0100706
   0.00809253
   0.00578971
   0.00400935
   0.00320414
   0.00291838
   0.00285981
   0.00299168
   0.00312058
   0.00300961
   0.00252935
   0.00181409
   0.00124575
   0.00104172
   0.00110351
   0.00157446
   0.00239437
   0.00342360
   0.00493238
   0.00724068
    0.0106640
    0.0144394
    0.0181559
    0.0211957
    0.0232960
    0.0243659
    0.0244794
    0.0239769
    0.0234331
    0.0237048
    0.0248058
    0.0261870
    0.0279027
    0.0307041
    0.0319198
    0.0319026
    0.0311167
    0.0283774
    0.0252327
    0.0224936
    0.0200608
    0.0173792
    0.0140901
    0.0103996
   0.00680884
   0.00342795
  0.000855755
  2.08783e-05
      0.00000
      0.00000
