      0.00000
      0.00000
  6.11082e-13
  1.34178e-12
  2.15312e-12
  3.26007e-12
  5.06828e-12
  8.17786e-12
  1.31198e-11
  2.00627e-11
  2.84925e-11
  3.71799e-11
  4.46147e-11
  5.00150e-11
  5.48133e-11
  6.43280e-11
  8.86893e-11
  1.41994e-10
  2.38545e-10
  3.86003e-10
  5.76996e-10
  7.82197e-10
  9.52062e-10
  1.02897e-09
  9.70093e-10
  7.72477e-10
  4.87826e-10
  2.07305e-10
  2.99297e-11
  1.82129e-11
  1.68078e-10
  4.08514e-10
  6.40683e-10
  7.81948e-10
  7.97857e-10
  7.04321e-10
  5.48017e-10
  3.81154e-10
  2.38781e-10
  1.35749e-10
  7.08226e-11
  3.45042e-11
  1.60313e-11
  7.22921e-12
  3.14464e-12
  1.25485e-12
  4.28303e-13
  1.02462e-13
  1.15577e-14
  2.99118e-14
  7.42632e-14
  1.07142e-13
  1.23681e-13
  1.28992e-13
  1.29030e-13
  1.29271e-13
  1.32684e-13
  1.41076e-13
  1.54588e-13
  1.72575e-13
  1.93895e-13
  2.16448e-13
  2.38932e-13
  2.60702e-13
  2.81924e-13
  3.01898e-13
  3.18784e-13
  3.33187e-13
  3.47134e-13
  3.61873e-13
  3.78309e-13
  3.96203e-13
  4.12684e-13
  4.31232e-13
  4.50226e-13
  4.70303e-13
  4.89814e-13
  5.09146e-13
  5.28586e-13
  5.50482e-13
  5.73961e-13
  5.96888e-13
  6.20727e-13
  6.47965e-13
  6.73459e-13
  7.04178e-13
  7.35540e-13
  7.69033e-13
  8.02938e-13
  8.41598e-13
  8.81496e-13
  9.25208e-13
  9.72374e-13
  1.02065e-12
  1.07272e-12
  1.13276e-12
  1.19437e-12
  1.25975e-12
  1.33378e-12
  1.41241e-12
  1.49714e-12
  1.58706e-12
  1.68676e-12
  1.79250e-12
  1.91072e-12
  2.03820e-12
  2.18175e-12
  2.33811e-12
  2.51107e-12
  2.70222e-12
  2.91380e-12
  3.14972e-12
  3.41097e-12
  3.70409e-12
  4.02770e-12
  4.39592e-12
  4.80949e-12
  5.27516e-12
  5.80069e-12
  6.40353e-12
  7.08572e-12
  7.86734e-12
  8.77778e-12
  9.82070e-12
  1.10399e-11
  1.24554e-11
  1.41389e-11
  1.61235e-11
  1.84850e-11
  2.13242e-11
  2.47608e-11
  2.89802e-11
  3.41965e-11
  4.06452e-11
  4.87393e-11
  5.89607e-11
  7.19109e-11
  8.84361e-11
  1.09598e-10
  1.36929e-10
  1.72475e-10
  2.18808e-10
  2.79825e-10
  3.58297e-10
  4.58380e-10
  5.81475e-10
  7.31186e-10
  9.09667e-10
  1.15501e-09
  1.54553e-09
  2.17756e-09
  1.14274e-07
  3.25643e-06
  2.36816e-05
  6.88595e-05
  0.000907880
      19.5596
      28.8142
      29.4046
      27.5561
      23.7257
      19.3260
      14.8496
      11.0953
      8.14596
      5.65271
      3.60952
      2.17765
      1.51417
      1.23204
      1.06921
      1.04281
      1.00808
     0.915160
     0.836673
     0.801909
     0.756430
     0.717946
     0.658543
     0.612381
     0.550435
     0.480864
     0.417920
     0.363089
     0.311198
     0.265506
     0.227140
     0.197240
     0.171228
     0.149440
     0.129976
     0.109096
    0.0882695
    0.0670627
    0.0466805
    0.0276389
    0.0104424
   0.00591097
    0.0160781
    0.0238856
    0.0282094
    0.0309806
    0.0329122
    0.0336389
    0.0338570
    0.0342679
    0.0350143
    0.0356549
    0.0358114
    0.0357220
    0.0355776
    0.0351543
    0.0341106
    0.0323005
    0.0294552
    0.0260181
    0.0223937
    0.0188782
    0.0156962
    0.0130222
    0.0108461
   0.00897700
   0.00719009
   0.00547228
   0.00401586
   0.00312989
   0.00311995
   0.00424076
   0.00679941
    0.0105673
    0.0145732
    0.0182349
    0.0214285
    0.0241529
    0.0262812
    0.0277830
    0.0287390
    0.0291791
    0.0291618
    0.0290022
    0.0290712
    0.0301617
    0.0325603
    0.0356044
    0.0388859
    0.0396473
    0.0379776
    0.0359905
    0.0324735
    0.0287444
    0.0260776
    0.0238258
    0.0203002
    0.0150160
   0.00962905
   0.00488949
   0.00135229
  0.000320362
      0.00000
      0.00000
