      0.00000
      0.00000
  3.39569e-13
  5.87858e-13
  8.60118e-13
  1.39763e-12
  2.52237e-12
  4.69989e-12
  8.34401e-12
  1.35513e-11
  1.98100e-11
  2.59296e-11
  3.03396e-11
  3.19089e-11
  3.12121e-11
  3.19635e-11
  4.20320e-11
  7.29967e-11
  1.37329e-10
  2.42911e-10
  3.86078e-10
  5.45597e-10
  6.83358e-10
  7.53570e-10
  7.20772e-10
  5.80050e-10
  3.69126e-10
  1.58202e-10
  2.35693e-11
  1.36024e-11
  1.25008e-10
  3.03004e-10
  4.71829e-10
  5.69424e-10
  5.71865e-10
  4.94048e-10
  3.73628e-10
  2.50186e-10
  1.48993e-10
  7.93512e-11
  3.82300e-11
  1.70962e-11
  7.40657e-12
  3.24738e-12
  1.42717e-12
  5.85991e-13
  1.90787e-13
  3.35002e-14
  5.45394e-15
  4.03264e-14
  7.42900e-14
  9.14635e-14
  9.43500e-14
  9.01741e-14
  8.45481e-14
  8.11229e-14
  8.12511e-14
  8.53256e-14
  9.28666e-14
  1.03114e-13
  1.15239e-13
  1.27976e-13
  1.40481e-13
  1.52317e-13
  1.63613e-13
  1.74102e-13
  1.82853e-13
  1.90354e-13
  1.97839e-13
  2.05923e-13
  2.15063e-13
  2.24953e-13
  2.33914e-13
  2.43878e-13
  2.54093e-13
  2.64722e-13
  2.75062e-13
  2.85223e-13
  2.95448e-13
  3.06960e-13
  3.19300e-13
  3.31206e-13
  3.43588e-13
  3.57803e-13
  3.71147e-13
  3.86942e-13
  4.03347e-13
  4.20730e-13
  4.38256e-13
  4.57948e-13
  4.78712e-13
  5.01143e-13
  5.25172e-13
  5.49761e-13
  5.75896e-13
  6.05592e-13
  6.36768e-13
  6.69171e-13
  7.05092e-13
  7.43415e-13
  7.84236e-13
  8.27260e-13
  8.74229e-13
  9.25362e-13
  9.80297e-13
  1.04110e-12
  1.10788e-12
  1.18151e-12
  1.26232e-12
  1.35258e-12
  1.45041e-12
  1.56237e-12
  1.68478e-12
  1.82406e-12
  1.97676e-12
  2.15328e-12
  2.35196e-12
  2.57693e-12
  2.83280e-12
  3.12834e-12
  3.46490e-12
  3.85413e-12
  4.30784e-12
  4.83098e-12
  5.44449e-12
  6.16204e-12
  7.01856e-12
  8.03682e-12
  9.25601e-12
  1.07339e-11
  1.25416e-11
  1.47969e-11
  1.76562e-11
  2.13139e-11
  2.60606e-11
  3.22099e-11
  4.00536e-11
  4.99274e-11
  6.22245e-11
  7.76615e-11
  9.74046e-11
  1.23236e-10
  1.58125e-10
  2.06727e-10
  2.75357e-10
  3.71524e-10
  4.89310e-10
  5.87584e-10
  6.53446e-10
  7.03022e-10
  2.19634e-09
  1.30900e-07
  3.68840e-06
  2.44062e-05
  6.55304e-05
  0.000949912
      21.0522
      29.9704
      27.9984
      24.7538
      19.9751
      15.5701
      11.7591
      8.22436
      5.74410
      3.50244
      1.65080
     0.309876
     0.403812
     0.902664
      1.25706
      1.47436
      1.48709
      1.18806
     0.750715
     0.327225
    0.0518868
     0.326058
     0.499160
     0.583987
     0.601785
     0.577200
     0.529409
     0.474174
     0.429737
     0.399194
     0.367170
     0.324468
     0.272963
     0.222482
     0.178974
     0.141743
     0.109640
    0.0807108
    0.0551492
    0.0329269
    0.0138773
   0.00452999
    0.0146920
    0.0228502
    0.0266709
    0.0289868
    0.0307907
    0.0317186
    0.0318878
    0.0320982
    0.0329718
    0.0341486
    0.0349804
    0.0355504
    0.0359813
    0.0360439
    0.0353123
    0.0336996
    0.0308312
    0.0270337
    0.0229885
    0.0190267
    0.0153775
    0.0123555
    0.0100098
   0.00816247
   0.00652584
   0.00498153
   0.00363404
   0.00289891
   0.00307624
   0.00444026
   0.00713010
    0.0109662
    0.0150356
    0.0187042
    0.0219316
    0.0246830
    0.0267360
    0.0281479
    0.0289500
    0.0292560
    0.0294820
    0.0296660
    0.0299498
    0.0310251
    0.0333473
    0.0365884
    0.0400597
    0.0405833
    0.0391248
    0.0376932
    0.0331200
    0.0293443
    0.0273139
    0.0251440
    0.0213672
    0.0158508
    0.0101244
   0.00512853
   0.00141621
  0.000344557
      0.00000
      0.00000
