      0.00000
      0.00000
  5.57959e-13
  1.71741e-12
  3.21957e-12
  4.91683e-12
  6.89555e-12
  9.33148e-12
  1.23117e-11
  1.58028e-11
  1.96610e-11
  2.38480e-11
  2.88677e-11
  3.63381e-11
  4.96086e-11
  7.40370e-11
  1.16521e-10
  1.83981e-10
  2.80533e-10
  4.03796e-10
  5.41426e-10
  6.69440e-10
  7.55920e-10
  7.69412e-10
  6.91875e-10
  5.31287e-10
  3.26355e-10
  1.35042e-10
  1.80541e-11
  1.32772e-11
  1.18540e-10
  2.90230e-10
  4.65962e-10
  5.89149e-10
  6.29577e-10
  5.88320e-10
  4.89535e-10
  3.66697e-10
  2.49447e-10
  1.53904e-10
  8.60843e-11
  4.36148e-11
  1.99954e-11
  8.33967e-12
  3.22645e-12
  1.19904e-12
  4.49553e-13
  1.73128e-13
  5.09919e-14
  5.48460e-15
  1.69634e-14
  4.81712e-14
  7.62816e-14
  9.47562e-14
  1.04420e-13
  1.10198e-13
  1.16313e-13
  1.25940e-13
  1.40281e-13
  1.59404e-13
  1.82459e-13
  2.07293e-13
  2.32369e-13
  2.56862e-13
  2.80563e-13
  3.02483e-13
  3.21013e-13
  3.36946e-13
  3.52356e-13
  3.68663e-13
  3.86603e-13
  4.06094e-13
  4.24404e-13
  4.44811e-13
  4.65576e-13
  4.87627e-13
  5.09167e-13
  5.30689e-13
  5.52446e-13
  5.76742e-13
  6.02828e-13
  6.28853e-13
  6.55931e-13
  6.86933e-13
  7.16679e-13
  7.52144e-13
  7.89071e-13
  8.28696e-13
  8.69389e-13
  9.15477e-13
  9.63709e-13
  1.01643e-12
  1.07336e-12
  1.13202e-12
  1.19554e-12
  1.26848e-12
  1.34426e-12
  1.42435e-12
  1.51536e-12
  1.61350e-12
  1.71956e-12
  1.83266e-12
  1.95838e-12
  2.09483e-12
  2.24436e-12
  2.41124e-12
  2.59585e-12
  2.80269e-12
  3.02933e-12
  3.28348e-12
  3.56589e-12
  3.88494e-12
  4.23572e-12
  4.63710e-12
  5.07726e-12
  5.58774e-12
  6.15623e-12
  6.80428e-12
  7.53866e-12
  8.38291e-12
  9.33960e-12
  1.04386e-11
  1.17134e-11
  1.31750e-11
  1.48777e-11
  1.68471e-11
  1.91862e-11
  2.19403e-11
  2.52179e-11
  2.91766e-11
  3.39899e-11
  3.99577e-11
  4.74196e-11
  5.67990e-11
  6.88058e-11
  8.43350e-11
  1.04493e-10
  1.30704e-10
  1.64392e-10
  2.06891e-10
  2.58851e-10
  3.20240e-10
  3.92477e-10
  4.89161e-10
  6.31988e-10
  8.08598e-10
  1.03594e-09
  1.25598e-09
  1.34889e-09
  1.49445e-09
  2.19889e-09
  8.57501e-08
  2.48168e-06
  2.21474e-05
  6.82581e-05
  0.000492809
      19.6456
      29.9272
      29.5605
      27.8175
      24.6299
      22.1035
      18.5092
      15.1204
      11.3607
      8.08203
      5.92769
      4.46870
      3.38626
      2.31456
      1.62996
      1.20190
     0.755125
     0.519464
     0.474245
     0.556702
     0.707232
     0.910732
      1.05180
      1.10303
      1.10099
      1.06501
      1.00827
     0.940693
     0.841292
     0.713211
     0.581550
     0.461720
     0.361388
     0.286913
     0.237211
     0.198197
     0.160785
     0.119650
    0.0771723
    0.0424024
    0.0180964
    0.0109092
    0.0138571
    0.0227224
    0.0296274
    0.0352893
    0.0390262
    0.0404598
    0.0405911
    0.0404698
    0.0405039
    0.0407042
    0.0409624
    0.0410562
    0.0407685
    0.0399530
    0.0386046
    0.0367207
    0.0340242
    0.0309589
    0.0278763
    0.0247205
    0.0216589
    0.0189238
    0.0165575
    0.0142518
    0.0118878
   0.00973253
   0.00799911
   0.00688399
   0.00641427
   0.00696384
   0.00900897
    0.0123927
    0.0162936
    0.0201506
    0.0235858
    0.0263345
    0.0281655
    0.0290946
    0.0291968
    0.0285921
    0.0276466
    0.0271561
    0.0272224
    0.0279049
    0.0299181
    0.0319375
    0.0344970
    0.0363484
    0.0336102
    0.0318372
    0.0295761
    0.0242996
    0.0196756
    0.0174296
    0.0147726
    0.0106293
   0.00669293
   0.00333162
  0.000930756
  0.000260940
      0.00000
      0.00000
