      0.00000
      0.00000
  1.06321e-12
  2.33422e-12
  3.64177e-12
  5.33002e-12
  8.07542e-12
  1.28740e-11
  2.06315e-11
  3.17043e-11
  4.53767e-11
  5.97769e-11
  7.25242e-11
  8.22372e-11
  9.08794e-11
  1.06390e-10
  1.44221e-10
  2.26150e-10
  3.74535e-10
  6.01681e-10
  8.96683e-10
  1.21445e-09
  1.47819e-09
  1.59812e-09
  1.50722e-09
  1.20040e-09
  7.57876e-10
  3.21625e-10
  4.59364e-11
  2.81623e-11
  2.61729e-10
  6.35811e-10
  9.96401e-10
  1.21511e-09
  1.23889e-09
  1.09305e-09
  8.50394e-10
  5.92206e-10
  3.72143e-10
  2.12923e-10
  1.12344e-10
  5.56774e-11
  2.64299e-11
  1.21648e-11
  5.35887e-12
  2.13950e-12
  7.22619e-13
  1.70185e-13
  1.60800e-14
  3.78697e-14
  1.06726e-13
  1.58484e-13
  1.86030e-13
  1.96630e-13
  1.98740e-13
  2.00427e-13
  2.06350e-13
  2.19587e-13
  2.40605e-13
  2.68533e-13
  3.01612e-13
  3.36566e-13
  3.71380e-13
  4.05051e-13
  4.37871e-13
  4.68758e-13
  4.94712e-13
  5.16530e-13
  5.37324e-13
  5.59078e-13
  5.83285e-13
  6.09571e-13
  6.33479e-13
  6.60385e-13
  6.87727e-13
  7.16454e-13
  7.43911e-13
  7.70666e-13
  7.97145e-13
  8.27052e-13
  8.59014e-13
  8.89679e-13
  9.21456e-13
  9.58060e-13
  9.91658e-13
  1.03322e-12
  1.07527e-12
  1.12038e-12
  1.16573e-12
  1.21814e-12
  1.27154e-12
  1.33024e-12
  1.39356e-12
  1.45767e-12
  1.52670e-12
  1.60693e-12
  1.68799e-12
  1.77406e-12
  1.87206e-12
  1.97546e-12
  2.08694e-12
  2.20492e-12
  2.33630e-12
  2.47445e-12
  2.63089e-12
  2.79802e-12
  2.98840e-12
  3.19468e-12
  3.42425e-12
  3.67882e-12
  3.96264e-12
  4.27824e-12
  4.62892e-12
  5.02159e-12
  5.45635e-12
  5.95043e-12
  6.50721e-12
  7.13412e-12
  7.84658e-12
  8.66945e-12
  9.60309e-12
  1.06742e-11
  1.19263e-11
  1.33606e-11
  1.50406e-11
  1.69932e-11
  1.93225e-11
  2.20752e-11
  2.53601e-11
  2.93164e-11
  3.41004e-11
  3.99530e-11
  4.71364e-11
  5.59430e-11
  6.69231e-11
  8.07678e-11
  9.84363e-11
  1.21390e-10
  1.51549e-10
  1.91334e-10
  2.42906e-10
  3.06785e-10
  3.80725e-10
  4.59284e-10
  5.38406e-10
  6.56040e-10
  8.04321e-10
  9.93959e-10
  1.35247e-09
  1.65365e-09
  2.07339e-09
  8.47767e-08
  2.75246e-06
  2.36970e-05
  7.23697e-05
   0.00116458
      23.1386
      36.0778
      36.0228
      30.6409
      26.1350
      21.6452
      16.9374
      13.1976
      10.4765
      8.52933
      7.08449
      5.91593
      4.73320
      3.58844
      2.50569
      1.63153
      1.02583
     0.506974
     0.116883
     0.473707
     0.725263
     0.898015
      1.02745
      1.04955
     0.927974
     0.716329
     0.534512
     0.407743
     0.278250
     0.134891
    0.0747908
     0.124930
     0.203020
     0.248760
     0.272708
     0.300724
     0.318207
     0.308891
     0.272752
     0.224688
     0.167396
     0.105858
    0.0507099
    0.0118024
    0.0135083
    0.0292531
    0.0387169
    0.0441751
    0.0466411
    0.0471097
    0.0465434
    0.0454006
    0.0440338
    0.0425291
    0.0408530
    0.0390724
    0.0372995
    0.0355413
    0.0337379
    0.0319487
    0.0302447
    0.0283956
    0.0264676
    0.0243029
    0.0219598
    0.0193543
    0.0166600
    0.0141765
    0.0122082
    0.0110186
    0.0106821
    0.0112525
    0.0129484
    0.0158011
    0.0193746
    0.0230660
    0.0260905
    0.0280053
    0.0289321
    0.0290692
    0.0284118
    0.0272768
    0.0261508
    0.0255145
    0.0255064
    0.0250770
    0.0246036
    0.0246691
    0.0251076
    0.0259231
    0.0224539
    0.0199472
    0.0176521
    0.0155046
    0.0124214
   0.00950447
   0.00759994
   0.00556616
   0.00355671
   0.00185013
  0.000526681
  0.000170607
      0.00000
      0.00000
