      0.00000
      0.00000
  3.05216e-13
  8.95851e-13
  1.78867e-12
  2.98183e-12
  4.59937e-12
  6.81786e-12
  9.68770e-12
  1.30459e-11
  1.64766e-11
  1.94804e-11
  2.19135e-11
  2.46648e-11
  3.03854e-11
  4.40691e-11
  7.28790e-11
  1.24822e-10
  2.05940e-10
  3.16306e-10
  4.46036e-10
  5.72961e-10
  6.65743e-10
  6.92138e-10
  6.32097e-10
  4.90527e-10
  3.03597e-10
  1.26380e-10
  1.72029e-11
  1.22037e-11
  1.08784e-10
  2.64925e-10
  4.21307e-10
  5.25578e-10
  5.51809e-10
  5.04189e-10
  4.07940e-10
  2.95511e-10
  1.92839e-10
  1.13231e-10
  5.97712e-11
  2.83558e-11
  1.21162e-11
  4.73579e-12
  1.76283e-12
  6.58882e-13
  2.74091e-13
  1.06698e-13
  2.96849e-14
  6.06303e-15
  2.53465e-14
  4.92663e-14
  6.61774e-14
  7.43075e-14
  7.65173e-14
  7.72216e-14
  7.94435e-14
  8.49770e-14
  9.42458e-14
  1.06993e-13
  1.22507e-13
  1.39264e-13
  1.56037e-13
  1.72114e-13
  1.87331e-13
  2.01192e-13
  2.12831e-13
  2.22972e-13
  2.33084e-13
  2.44026e-13
  2.56190e-13
  2.69270e-13
  2.81447e-13
  2.94698e-13
  3.08113e-13
  3.22004e-13
  3.35486e-13
  3.48692e-13
  3.61907e-13
  3.76506e-13
  3.92018e-13
  4.07129e-13
  4.22676e-13
  4.40465e-13
  4.57421e-13
  4.77297e-13
  4.98376e-13
  5.20834e-13
  5.43871e-13
  5.69783e-13
  5.97676e-13
  6.28001e-13
  6.60711e-13
  6.94514e-13
  7.30850e-13
  7.72259e-13
  8.16348e-13
  8.62009e-13
  9.12991e-13
  9.68352e-13
  1.02754e-12
  1.08997e-12
  1.15813e-12
  1.23415e-12
  1.31328e-12
  1.40418e-12
  1.50117e-12
  1.61133e-12
  1.72918e-12
  1.86248e-12
  2.00573e-12
  2.17136e-12
  2.34762e-12
  2.55242e-12
  2.77062e-12
  3.02823e-12
  3.30952e-12
  3.63003e-12
  3.99063e-12
  4.40384e-12
  4.86805e-12
  5.40139e-12
  6.01634e-12
  6.72152e-12
  7.54562e-12
  8.50508e-12
  9.65547e-12
  1.10254e-11
  1.26732e-11
  1.46842e-11
  1.71503e-11
  2.02262e-11
  2.40844e-11
  2.89077e-11
  3.49564e-11
  4.24916e-11
  5.17735e-11
  6.32275e-11
  7.75088e-11
  9.58017e-11
  1.19815e-10
  1.51754e-10
  1.94612e-10
  2.51501e-10
  3.22640e-10
  4.01486e-10
  4.76393e-10
  6.16107e-10
  8.08863e-10
  1.16725e-09
  1.22261e-09
  1.43228e-07
  4.55623e-06
  3.08758e-05
  7.94459e-05
   0.00155609
      24.5626
      40.8400
      40.4174
      37.1032
      34.6657
      30.4031
      26.6266
      21.3795
      16.7593
      13.9716
      11.7023
      10.0289
      9.29294
      9.14279
      8.84128
      8.23894
      7.23077
      6.00679
      4.84102
      3.85057
      3.01785
      2.39186
      1.96409
      1.65968
      1.46231
      1.31371
      1.12998
     0.907144
     0.749179
     0.624835
     0.487706
     0.330142
     0.205148
     0.131635
     0.101401
     0.100941
     0.111811
     0.117599
     0.110944
    0.0962100
    0.0756281
    0.0475031
    0.0179910
   0.00283895
    0.0161881
    0.0248539
    0.0290609
    0.0315192
    0.0334339
    0.0348325
    0.0353528
    0.0348473
    0.0335109
    0.0316324
    0.0296360
    0.0279450
    0.0267097
    0.0259195
    0.0254599
    0.0251935
    0.0247023
    0.0242315
    0.0235981
    0.0227517
    0.0217155
    0.0206284
    0.0196801
    0.0189739
    0.0186949
    0.0190707
    0.0197013
    0.0205844
    0.0216758
    0.0227860
    0.0239753
    0.0257263
    0.0282734
    0.0299643
    0.0299370
    0.0289559
    0.0273192
    0.0257637
    0.0246369
    0.0242652
    0.0248274
    0.0253619
    0.0234570
    0.0209862
    0.0193831
    0.0170360
    0.0120594
    0.0103395
    0.0101742
   0.00936047
   0.00866347
   0.00728516
   0.00514752
   0.00340364
   0.00206646
   0.00104891
  0.000213181
  4.07946e-05
      0.00000
      0.00000
