      0.00000
      0.00000
  4.81295e-13
  1.09628e-12
  1.94077e-12
  3.20519e-12
  5.24182e-12
  8.55961e-12
  1.35458e-11
  2.01943e-11
  2.78408e-11
  3.52162e-11
  4.09760e-11
  4.48148e-11
  4.89231e-11
  5.95791e-11
  8.78083e-11
  1.48159e-10
  2.54579e-10
  4.13372e-10
  6.14968e-10
  8.27542e-10
  9.99625e-10
  1.07297e-09
  1.00570e-09
  7.97095e-10
  5.01798e-10
  2.12804e-10
  3.07234e-11
  1.88774e-11
  1.73288e-10
  4.21903e-10
  6.64010e-10
  8.14294e-10
  8.35639e-10
  7.42352e-10
  5.81170e-10
  4.06208e-10
  2.54946e-10
  1.44242e-10
  7.40226e-11
  3.48642e-11
  1.53573e-11
  6.49751e-12
  2.68255e-12
  1.04481e-12
  3.67735e-13
  8.99546e-14
  7.10131e-15
  2.78136e-14
  7.54918e-14
  1.11329e-13
  1.28939e-13
  1.33445e-13
  1.31882e-13
  1.30724e-13
  1.33377e-13
  1.41616e-13
  1.55428e-13
  1.74045e-13
  1.96254e-13
  2.19852e-13
  2.43341e-13
  2.65948e-13
  2.87725e-13
  3.07971e-13
  3.25046e-13
  3.39799e-13
  3.54362e-13
  3.69943e-13
  3.87289e-13
  4.06032e-13
  4.23243e-13
  4.42293e-13
  4.61620e-13
  4.81761e-13
  5.01211e-13
  5.20275e-13
  5.39261e-13
  5.60345e-13
  5.82681e-13
  6.04196e-13
  6.26228e-13
  6.51412e-13
  6.74696e-13
  7.02577e-13
  7.31193e-13
  7.61602e-13
  7.92246e-13
  8.27036e-13
  8.63294e-13
  9.02816e-13
  9.45285e-13
  9.88576e-13
  1.03502e-12
  1.08854e-12
  1.14400e-12
  1.20212e-12
  1.26771e-12
  1.33794e-12
  1.41790e-12
  1.50300e-12
  1.59683e-12
  1.69833e-12
  1.80888e-12
  1.93108e-12
  2.06616e-12
  2.21571e-12
  2.37950e-12
  2.56237e-12
  2.76296e-12
  2.99038e-12
  3.23938e-12
  3.52301e-12
  3.83352e-12
  4.19243e-12
  4.59350e-12
  5.04859e-12
  5.56429e-12
  6.15862e-12
  6.83358e-12
  7.61197e-12
  8.51980e-12
  9.56497e-12
  1.07901e-11
  1.22167e-11
  1.39162e-11
  1.59220e-11
  1.83052e-11
  2.13427e-11
  2.50538e-11
  2.95844e-11
  3.50974e-11
  4.17710e-11
  4.99545e-11
  6.01339e-11
  7.29986e-11
  8.96894e-11
  1.11816e-10
  1.41663e-10
  1.81804e-10
  2.34114e-10
  2.98363e-10
  3.69815e-10
  4.39230e-10
  5.19431e-10
  6.61710e-10
  8.81099e-10
  1.35883e-09
  1.87101e-09
  1.23493e-09
  2.03836e-07
  5.86739e-06
  3.56227e-05
  8.66602e-05
   0.00120710
      31.6234
      46.5598
      49.9060
      48.1950
      43.8707
      41.9867
      43.0605
      45.5364
      41.1721
      34.7897
      28.2917
      21.9561
      16.4791
      12.3154
      9.45245
      7.69057
      7.05030
      6.54415
      5.87595
      4.94253
      3.64329
      2.46664
      1.59020
     0.909227
     0.375774
     0.138593
     0.320751
     0.597806
     0.727678
     0.666423
     0.464105
     0.234918
    0.0449256
     0.103628
     0.197250
     0.248158
     0.275543
     0.285528
     0.270357
     0.231766
     0.187310
     0.148976
     0.117880
    0.0908768
    0.0726158
    0.0672834
    0.0706453
    0.0771414
    0.0839226
    0.0885120
    0.0891378
    0.0860085
    0.0812624
    0.0756928
    0.0682720
    0.0587940
    0.0473166
    0.0346931
    0.0227231
    0.0140602
   0.00933660
   0.00601141
   0.00344858
   0.00366458
   0.00756411
    0.0113107
    0.0147191
    0.0179298
    0.0210071
    0.0238491
    0.0258789
    0.0267876
    0.0265775
    0.0258206
    0.0255151
    0.0256218
    0.0263354
    0.0273257
    0.0278253
    0.0271221
    0.0255894
    0.0242657
    0.0235532
    0.0239819
    0.0259239
    0.0281362
    0.0276020
    0.0247432
    0.0219722
    0.0175116
    0.0116646
   0.00757442
   0.00726576
   0.00794784
   0.00880344
   0.00936457
   0.00787998
   0.00497055
   0.00279822
   0.00133417
  0.000378624
  9.61187e-05
      0.00000
      0.00000
