      0.00000
      0.00000
  5.44862e-13
  1.19681e-12
  1.76040e-12
  2.36653e-12
  3.30563e-12
  5.03479e-12
  8.03622e-12
  1.26316e-11
  1.87395e-11
  2.57800e-11
  3.28116e-11
  3.90289e-11
  4.46071e-11
  5.17365e-11
  6.53867e-11
  9.31811e-11
  1.43566e-10
  2.22049e-10
  3.26149e-10
  4.40818e-10
  5.38581e-10
  5.85942e-10
  5.56583e-10
  4.46613e-10
  2.84197e-10
  1.21961e-10
  1.80290e-11
  9.66846e-12
  9.51545e-11
  2.33295e-10
  3.66529e-10
  4.47134e-10
  4.55828e-10
  4.02504e-10
  3.14243e-10
  2.20697e-10
  1.41013e-10
  8.30275e-11
  4.57582e-11
  2.40069e-11
  1.21114e-11
  5.84980e-12
  2.63212e-12
  1.04154e-12
  3.31840e-13
  7.26964e-14
  7.34475e-15
  1.69275e-14
  4.49698e-14
  6.51891e-14
  7.60145e-14
  8.07152e-14
  8.23055e-14
  8.37093e-14
  8.66194e-14
  9.23673e-14
  1.01219e-13
  1.12852e-13
  1.26509e-13
  1.40815e-13
  1.55134e-13
  1.69258e-13
  1.83441e-13
  1.97084e-13
  2.08652e-13
  2.18328e-13
  2.27411e-13
  2.36815e-13
  2.47265e-13
  2.58771e-13
  2.69251e-13
  2.81257e-13
  2.93385e-13
  3.06292e-13
  3.18577e-13
  3.30693e-13
  3.42695e-13
  3.56238e-13
  3.70672e-13
  3.84647e-13
  3.99064e-13
  4.15686e-13
  4.30703e-13
  4.49658e-13
  4.68324e-13
  4.88498e-13
  5.08713e-13
  5.32365e-13
  5.55884e-13
  5.82048e-13
  6.10294e-13
  6.38721e-13
  6.70611e-13
  7.10869e-13
  7.51232e-13
  7.94835e-13
  8.44555e-13
  8.96988e-13
  9.53979e-13
  1.01457e-12
  1.08247e-12
  1.15313e-12
  1.23470e-12
  1.32074e-12
  1.42013e-12
  1.52714e-12
  1.64707e-12
  1.77923e-12
  1.92733e-12
  2.09171e-12
  2.27576e-12
  2.48166e-12
  2.71177e-12
  2.97286e-12
  3.26829e-12
  3.60232e-12
  3.98048e-12
  4.41643e-12
  4.91154e-12
  5.48028e-12
  6.14654e-12
  6.91239e-12
  7.81098e-12
  8.85672e-12
  1.01041e-11
  1.15723e-11
  1.33156e-11
  1.54006e-11
  1.79073e-11
  2.11304e-11
  2.50251e-11
  2.97309e-11
  3.55467e-11
  4.29009e-11
  5.24025e-11
  6.49881e-11
  8.19702e-11
  1.05261e-10
  1.37227e-10
  1.79934e-10
  2.33659e-10
  2.93714e-10
  3.49032e-10
  3.94190e-10
  4.85242e-10
  6.81461e-10
  1.15804e-09
  1.77734e-09
  1.26969e-09
  3.84529e-07
  8.95967e-06
  4.64298e-05
  0.000105680
   0.00179187
      34.8688
      53.7333
      57.8355
      62.8626
      54.6066
      45.7911
      36.0263
      27.5671
      21.7016
      16.2665
      12.5737
      9.74300
      6.78460
      5.09759
      4.10476
      2.35967
      1.01346
     0.435071
     0.300605
     0.435730
     0.846429
      1.14668
      1.26367
      1.08826
     0.721588
     0.376345
     0.228503
     0.216098
     0.436391
     0.454184
     0.294100
     0.122519
    0.0563894
    0.0390311
    0.0614701
    0.0613532
    0.0374559
   0.00667521
    0.0262392
    0.0546279
    0.0748438
    0.0852765
    0.0906942
    0.0944603
    0.0996372
    0.0978308
    0.0887954
    0.0765436
    0.0666916
    0.0585045
    0.0505024
    0.0400547
    0.0326186
    0.0287657
    0.0249962
    0.0209350
    0.0163427
    0.0118889
   0.00830750
   0.00542744
   0.00571223
   0.00709803
   0.00820202
   0.00954086
    0.0118764
    0.0149106
    0.0174972
    0.0195656
    0.0208042
    0.0209200
    0.0206148
    0.0211671
    0.0224905
    0.0222530
    0.0228785
    0.0241861
    0.0254505
    0.0250056
    0.0224235
    0.0204002
    0.0193906
    0.0204262
    0.0213958
    0.0222310
    0.0234175
    0.0256857
    0.0271300
    0.0254423
    0.0200983
    0.0147126
    0.0106062
   0.00744261
   0.00587820
   0.00684868
    0.0101778
    0.0130643
    0.0132761
   0.00913930
   0.00511996
   0.00276863
   0.00123386
  0.000256225
      0.00000
      0.00000
