      0.00000
      0.00000
  3.66575e-13
  9.83321e-13
  1.67729e-12
  2.42179e-12
  3.32192e-12
  4.56120e-12
  6.30763e-12
  8.66278e-12
  1.16034e-11
  1.50268e-11
  1.89278e-11
  2.37075e-11
  3.05892e-11
  4.19666e-11
  6.14338e-11
  9.32372e-11
  1.40845e-10
  2.04726e-10
  2.79863e-10
  3.54001e-10
  4.08958e-10
  4.25175e-10
  3.89616e-10
  3.04006e-10
  1.89482e-10
  7.96943e-11
  1.11468e-11
  6.94827e-12
  6.60663e-11
  1.62588e-10
  2.59631e-10
  3.24765e-10
  3.42140e-10
  3.14491e-10
  2.57195e-10
  1.89635e-10
  1.27328e-10
  7.80309e-11
  4.37630e-11
  2.24999e-11
  1.05931e-11
  4.55849e-12
  1.78668e-12
  6.31272e-13
  2.05203e-13
  6.59034e-14
  2.12986e-14
  1.11977e-14
  2.19723e-14
  3.61821e-14
  4.69867e-14
  5.33243e-14
  5.61427e-14
  5.77760e-14
  6.00974e-14
  6.45157e-14
  7.14877e-14
  8.09228e-14
  9.23140e-14
  1.04556e-13
  1.16919e-13
  1.29044e-13
  1.40921e-13
  1.52076e-13
  1.61609e-13
  1.69896e-13
  1.78021e-13
  1.86727e-13
  1.96439e-13
  2.07079e-13
  2.17144e-13
  2.28342e-13
  2.39730e-13
  2.51728e-13
  2.63424e-13
  2.75055e-13
  2.86732e-13
  2.99585e-13
  3.13154e-13
  3.26427e-13
  3.39979e-13
  3.55231e-13
  3.69448e-13
  3.86214e-13
  4.03263e-13
  4.21324e-13
  4.39548e-13
  4.60126e-13
  4.81467e-13
  5.04754e-13
  5.29713e-13
  5.55088e-13
  5.82376e-13
  6.13822e-13
  6.46398e-13
  6.80574e-13
  7.19066e-13
  7.60486e-13
  8.05167e-13
  8.56091e-13
  9.12855e-13
  9.74383e-13
  1.04115e-12
  1.11522e-12
  1.19678e-12
  1.28754e-12
  1.38611e-12
  1.49653e-12
  1.61727e-12
  1.75448e-12
  1.90297e-12
  2.07322e-12
  2.25739e-12
  2.47159e-12
  2.70743e-12
  2.97554e-12
  3.27698e-12
  3.62306e-12
  4.01274e-12
  4.45969e-12
  4.97729e-12
  5.56802e-12
  6.25393e-12
  7.04153e-12
  7.97012e-12
  9.04886e-12
  1.03896e-11
  1.20235e-11
  1.39634e-11
  1.62835e-11
  1.90455e-11
  2.23567e-11
  2.64620e-11
  3.17593e-11
  3.88292e-11
  4.85178e-11
  6.17989e-11
  7.95714e-11
  1.02077e-10
  1.28190e-10
  1.55421e-10
  1.81089e-10
  2.16763e-10
  2.74506e-10
  3.59541e-10
  5.88436e-10
  8.51858e-10
  8.02789e-10
  1.57220e-08
  1.42346e-06
  2.00763e-05
  8.13740e-05
  0.000141899
   0.00143472
      33.2931
      44.4725
      43.8319
      39.0235
      39.4847
      30.5824
      21.7424
      11.2985
      9.09005
      10.8885
      13.6145
      14.6742
      13.0822
      9.54055
      6.62031
      4.41913
      2.75964
      1.48675
     0.355218
     0.448041
     0.875230
      1.02268
      1.12491
      1.24545
      1.21442
      1.08108
     0.923450
     0.723476
     0.473356
     0.410999
     0.353964
     0.322401
     0.271287
     0.203996
     0.280734
     0.315736
     0.316620
     0.309283
     0.303590
     0.300180
     0.289924
     0.271348
     0.252644
     0.227564
     0.194417
     0.161064
     0.131557
     0.101626
    0.0787433
    0.0635508
    0.0495384
    0.0394821
    0.0348393
    0.0320860
    0.0298581
    0.0265512
    0.0220012
    0.0168943
    0.0120580
   0.00797088
   0.00598715
   0.00901930
    0.0116951
    0.0137882
    0.0146872
    0.0157605
    0.0172978
    0.0187730
    0.0201885
    0.0220189
    0.0243947
    0.0243323
    0.0200218
    0.0177984
    0.0179881
    0.0190609
    0.0197538
    0.0205493
    0.0208634
    0.0189878
    0.0163709
    0.0160316
    0.0167741
    0.0174283
    0.0177970
    0.0185194
    0.0208117
    0.0222895
    0.0171684
    0.0118517
   0.00956899
   0.00834200
   0.00737992
   0.00791614
    0.0113013
    0.0156575
    0.0153480
    0.0121816
   0.00646044
   0.00293836
  0.000956970
  9.16833e-05
      0.00000
      0.00000
