      0.00000
      0.00000
  5.62217e-13
  1.21168e-12
  1.90225e-12
  2.85771e-12
  4.50581e-12
  7.47951e-12
  1.23505e-11
  1.93190e-11
  2.78685e-11
  3.66993e-11
  4.41243e-11
  4.90337e-11
  5.24071e-11
  5.90549e-11
  7.87083e-11
  1.25387e-10
  2.13831e-10
  3.52722e-10
  5.36144e-10
  7.36324e-10
  9.04868e-10
  9.84584e-10
  9.32237e-10
  7.43768e-10
  4.69251e-10
  1.98289e-10
  2.79133e-11
  1.86578e-11
  1.65137e-10
  3.96812e-10
  6.17076e-10
  7.46875e-10
  7.55277e-10
  6.60207e-10
  5.08154e-10
  3.49604e-10
  2.16608e-10
  1.22063e-10
  6.34963e-11
  3.11944e-11
  1.48520e-11
  6.96676e-12
  3.16996e-12
  1.31459e-12
  4.52408e-13
  1.02882e-13
  3.03891e-15
  2.30745e-14
  6.79470e-14
  1.01933e-13
  1.19732e-13
  1.26348e-13
  1.27600e-13
  1.28746e-13
  1.32611e-13
  1.40992e-13
  1.54094e-13
  1.71341e-13
  1.91667e-13
  2.13112e-13
  2.34541e-13
  2.55416e-13
  2.75995e-13
  2.95654e-13
  3.12502e-13
  3.26976e-13
  3.40991e-13
  3.55747e-13
  3.72227e-13
  3.90285e-13
  4.07177e-13
  4.26380e-13
  4.46317e-13
  4.67570e-13
  4.88463e-13
  5.09339e-13
  5.30401e-13
  5.53953e-13
  5.79014e-13
  6.03357e-13
  6.28440e-13
  6.56513e-13
  6.82491e-13
  7.13407e-13
  7.44441e-13
  7.77320e-13
  8.10393e-13
  8.48052e-13
  8.86620e-13
  9.28982e-13
  9.74731e-13
  1.02160e-12
  1.07224e-12
  1.13080e-12
  1.19079e-12
  1.25483e-12
  1.32733e-12
  1.40414e-12
  1.48702e-12
  1.57507e-12
  1.67264e-12
  1.77588e-12
  1.89190e-12
  2.01615e-12
  2.15671e-12
  2.30899e-12
  2.47778e-12
  2.66392e-12
  2.86915e-12
  3.09776e-12
  3.35041e-12
  3.63234e-12
  3.94289e-12
  4.29463e-12
  4.68824e-12
  5.12852e-12
  5.62174e-12
  6.18361e-12
  6.81366e-12
  7.53079e-12
  8.36523e-12
  9.32233e-12
  1.04513e-11
  1.17785e-11
  1.33844e-11
  1.53091e-11
  1.76396e-11
  2.04879e-11
  2.39702e-11
  2.82488e-11
  3.34490e-11
  3.96505e-11
  4.70075e-11
  5.56479e-11
  6.58061e-11
  7.80474e-11
  9.34394e-11
  1.13897e-10
  1.42377e-10
  1.82994e-10
  2.40548e-10
  3.16951e-10
  3.99204e-10
  4.52418e-10
  4.39405e-10
  4.75839e-10
  5.51812e-10
  1.94880e-09
  6.10319e-08
  3.08736e-06
  3.01024e-05
  0.000100206
  0.000153860
   0.00295024
      28.5678
      43.9165
      45.4051
      41.7424
      35.4601
      27.5109
      19.3281
      13.7206
      8.77281
      7.59934
      2.75125
    0.0130211
      3.00015
      3.56872
      3.26299
      3.30275
      3.45381
      3.08674
      2.45259
      2.21888
      2.05771
      1.97316
      2.02641
      2.18070
      2.32034
      2.36421
      2.28134
      2.05113
      1.72419
      1.38922
      1.07241
     0.802775
     0.619607
     0.491969
     0.358342
     0.201896
    0.0796015
     0.106421
     0.156325
     0.199976
     0.227505
     0.240818
     0.252571
     0.249475
     0.220173
     0.175111
     0.137607
     0.123643
     0.114258
     0.100102
    0.0905710
    0.0892294
    0.0824874
    0.0652388
    0.0504202
    0.0397178
    0.0317868
    0.0239508
    0.0166318
    0.0106588
   0.00629480
    0.0105542
    0.0142582
    0.0174511
    0.0197564
    0.0214027
    0.0227002
    0.0236396
    0.0243504
    0.0249595
    0.0251732
    0.0245208
    0.0228065
    0.0198186
    0.0176512
    0.0168046
    0.0170053
    0.0176554
    0.0180284
    0.0202569
    0.0201173
    0.0185801
    0.0180816
    0.0172167
    0.0163144
    0.0163377
    0.0175247
    0.0188724
    0.0172348
    0.0147164
    0.0133198
    0.0115235
    0.0114689
    0.0121142
    0.0139270
    0.0157968
    0.0143686
    0.0114018
   0.00631652
   0.00281494
  0.000910230
  0.000131574
      0.00000
      0.00000
