      0.00000
      0.00000
  4.71998e-13
  1.07057e-12
  1.85199e-12
  2.97983e-12
  4.79488e-12
  7.82524e-12
  1.25215e-11
  1.89750e-11
  2.66207e-11
  3.42342e-11
  4.03927e-11
  4.45442e-11
  4.84528e-11
  5.78888e-11
  8.34915e-11
  1.39813e-10
  2.41409e-10
  3.95795e-10
  5.94893e-10
  8.08025e-10
  9.83852e-10
  1.06298e-09
  1.00153e-09
  7.96876e-10
  5.02847e-10
  2.13535e-10
  3.09276e-11
  1.91675e-11
  1.73753e-10
  4.21240e-10
  6.59833e-10
  8.04645e-10
  8.20443e-10
  7.23715e-10
  5.62411e-10
  3.90338e-10
  2.43471e-10
  1.37160e-10
  7.02704e-11
  3.31034e-11
  1.45421e-11
  6.04760e-12
  2.37959e-12
  8.44416e-13
  2.61823e-13
  5.64098e-14
  1.32497e-14
  4.56972e-14
  8.90202e-14
  1.16805e-13
  1.28226e-13
  1.29207e-13
  1.25862e-13
  1.23664e-13
  1.25445e-13
  1.32667e-13
  1.45193e-13
  1.62224e-13
  1.82594e-13
  2.04210e-13
  2.25624e-13
  2.46077e-13
  2.65633e-13
  2.83677e-13
  2.98728e-13
  3.11696e-13
  3.24663e-13
  3.38749e-13
  3.54623e-13
  3.71909e-13
  3.87749e-13
  4.05334e-13
  4.23131e-13
  4.41585e-13
  4.59387e-13
  4.76845e-13
  4.94255e-13
  5.13532e-13
  5.33845e-13
  5.53404e-13
  5.73353e-13
  5.96129e-13
  6.17066e-13
  6.41782e-13
  6.66940e-13
  6.93332e-13
  7.19585e-13
  7.48782e-13
  7.79104e-13
  8.11760e-13
  8.46182e-13
  8.80662e-13
  9.17026e-13
  9.58639e-13
  1.00158e-12
  1.04568e-12
  1.09480e-12
  1.14703e-12
  1.20271e-12
  1.26214e-12
  1.33204e-12
  1.40805e-12
  1.48861e-12
  1.57762e-12
  1.67426e-12
  1.78073e-12
  1.89461e-12
  2.02157e-12
  2.15621e-12
  2.30921e-12
  2.47081e-12
  2.65420e-12
  2.84677e-12
  3.06885e-12
  3.30817e-12
  3.57424e-12
  3.86613e-12
  4.19409e-12
  4.55130e-12
  4.94843e-12
  5.39512e-12
  5.88442e-12
  6.43662e-12
  7.04788e-12
  7.74860e-12
  8.53177e-12
  9.41318e-12
  1.04110e-11
  1.15332e-11
  1.28101e-11
  1.43501e-11
  1.62612e-11
  1.85714e-11
  2.13815e-11
  2.47116e-11
  2.84124e-11
  3.20427e-11
  3.48453e-11
  3.58800e-11
  3.45675e-11
  3.18245e-11
  3.06621e-11
  3.44600e-11
  4.37492e-11
  5.78549e-11
  9.59586e-11
  2.39045e-10
  1.00558e-09
  8.89705e-08
  3.68332e-06
  3.15330e-05
  9.70679e-05
  0.000149696
   0.00162744
      28.8741
      41.6667
      39.8357
      35.9364
      30.1150
      24.8288
      17.2381
      10.0515
      5.09971
     0.949818
      2.50893
      4.98816
      6.01816
      6.60641
      7.32990
      6.89856
      6.20703
      6.22543
      5.76596
      5.20769
      5.07508
      4.58762
      4.16615
      3.85631
      3.56309
      3.23296
      2.86138
      2.47054
      2.09890
      1.74935
      1.41524
      1.09916
     0.816556
     0.555545
     0.323440
     0.144004
     0.169368
     0.212363
     0.311130
     0.355016
     0.346001
     0.315085
     0.294562
     0.312444
     0.337179
     0.344923
     0.328978
     0.287331
     0.222784
     0.165872
     0.136083
     0.122905
     0.113151
     0.102017
    0.0887226
    0.0752328
    0.0612316
    0.0488111
    0.0380636
    0.0283119
    0.0204361
    0.0139562
   0.00836250
   0.00876867
    0.0134888
    0.0170556
    0.0196507
    0.0215102
    0.0229313
    0.0236389
    0.0232321
    0.0215955
    0.0196865
    0.0176024
    0.0157396
    0.0149968
    0.0143455
    0.0146718
    0.0158287
    0.0178995
    0.0203586
    0.0195649
    0.0180059
    0.0171591
    0.0167084
    0.0174727
    0.0188960
    0.0183529
    0.0158051
    0.0139926
    0.0134254
    0.0117028
    0.0116251
    0.0134584
    0.0139566
    0.0142217
    0.0133964
    0.0107268
   0.00633905
   0.00318230
   0.00114475
  0.000125041
      0.00000
      0.00000
