      0.00000
      0.00000
  4.91393e-13
  1.04069e-12
  1.50805e-12
  2.01910e-12
  2.79250e-12
  4.18552e-12
  6.60180e-12
  1.03425e-11
  1.53936e-11
  2.13160e-11
  2.73364e-11
  3.27088e-11
  3.74009e-11
  4.29554e-11
  5.31761e-11
  7.41388e-11
  1.12826e-10
  1.74158e-10
  2.56854e-10
  3.49507e-10
  4.30328e-10
  4.71979e-10
  4.52168e-10
  3.66292e-10
  2.35840e-10
  1.03270e-10
  1.63850e-11
  6.79908e-12
  7.44875e-11
  1.86539e-10
  2.95801e-10
  3.62610e-10
  3.70550e-10
  3.27411e-10
  2.55415e-10
  1.78968e-10
  1.13810e-10
  6.64863e-11
  3.61833e-11
  1.86217e-11
  9.14465e-12
  4.27097e-12
  1.85300e-12
  7.10763e-13
  2.40711e-13
  6.83106e-14
  2.31475e-14
  2.17785e-14
  3.84293e-14
  4.99627e-14
  5.58030e-14
  5.78988e-14
  5.80514e-14
  5.83336e-14
  5.99632e-14
  6.39104e-14
  7.02990e-14
  7.87942e-14
  8.87083e-14
  9.89145e-14
  1.09003e-13
  1.18936e-13
  1.29027e-13
  1.38772e-13
  1.46890e-13
  1.53487e-13
  1.59560e-13
  1.65834e-13
  1.72900e-13
  1.80815e-13
  1.87831e-13
  1.96080e-13
  2.04322e-13
  2.13279e-13
  2.21670e-13
  2.29979e-13
  2.38171e-13
  2.47607e-13
  2.57738e-13
  2.67518e-13
  2.77630e-13
  2.89526e-13
  2.99978e-13
  3.13779e-13
  3.27108e-13
  3.41713e-13
  3.56250e-13
  3.73700e-13
  3.90834e-13
  4.10193e-13
  4.31314e-13
  4.52668e-13
  4.75999e-13
  5.03743e-13
  5.31277e-13
  5.61371e-13
  5.96006e-13
  6.32606e-13
  6.72752e-13
  7.15685e-13
  7.64617e-13
  8.15282e-13
  8.75318e-13
  9.38575e-13
  1.01323e-12
  1.09394e-12
  1.18672e-12
  1.28983e-12
  1.40808e-12
  1.54122e-12
  1.69468e-12
  1.86901e-12
  2.07054e-12
  2.30344e-12
  2.57677e-12
  2.89452e-12
  3.26761e-12
  3.71224e-12
  4.23922e-12
  4.87058e-12
  5.63817e-12
  6.56483e-12
  7.69816e-12
  9.08512e-12
  1.08110e-11
  1.29535e-11
  1.56288e-11
  1.89996e-11
  2.32662e-11
  2.87349e-11
  3.57832e-11
  4.49210e-11
  5.69471e-11
  7.30543e-11
  9.49427e-11
  1.25371e-10
  1.68385e-10
  2.30116e-10
  3.18789e-10
  4.43931e-10
  6.14533e-10
  8.36048e-10
  1.11326e-09
  1.46985e-09
  1.97925e-09
  2.77931e-09
  4.00449e-09
  5.50442e-09
  6.33976e-09
  4.23805e-09
  5.74597e-10
  3.86811e-08
  4.64362e-07
  0.000193533
      11.1935
      18.6846
      21.7368
      22.6694
      22.7611
      22.2944
      20.8260
      18.9149
      17.0822
      15.3333
      13.7462
      12.2900
      10.7807
      9.34011
      8.02799
      6.88327
      5.89760
      5.07819
      4.39702
      3.79833
      3.25518
      2.75045
      2.28137
      1.85404
      1.47578
      1.14454
     0.858478
     0.618002
     0.426542
     0.283549
     0.181791
     0.111828
    0.0655567
    0.0365670
    0.0194950
    0.0100531
   0.00510860
   0.00263214
   0.00143455
  0.000867917
  0.000600041
  0.000466254
  0.000389359
  0.000335971
  0.000291629
  0.000250904
  0.000212407
  0.000176682
  0.000144345
  0.000115887
  9.13673e-05
  7.06848e-05
  5.35485e-05
  3.96250e-05
  2.85205e-05
  1.98434e-05
  1.32262e-05
  8.30061e-06
  4.75282e-06
  2.28566e-06
  6.32340e-07
  9.35418e-07
  1.24070e-06
  1.39008e-06
  1.43927e-06
  1.42771e-06
  1.38157e-06
  1.31737e-06
  1.24596e-06
  1.17350e-06
  1.10317e-06
  1.03719e-06
  9.77639e-07
  9.24922e-07
  8.78781e-07
  8.39188e-07
  8.03540e-07
  7.70694e-07
  7.38609e-07
  7.03731e-07
  6.64998e-07
  6.21994e-07
  5.75821e-07
  5.28491e-07
  4.82112e-07
  4.38111e-07
  3.96786e-07
  3.59991e-07
  3.26463e-07
  2.94025e-07
  2.62610e-07
  2.32927e-07
  2.05001e-07
  1.79392e-07
  1.55315e-07
  1.33304e-07
  1.12923e-07
  9.41959e-08
  7.63228e-08
  5.99219e-08
  4.21390e-08
  3.64231e-08
      0.00000
      0.00000
