      0.00000
      0.00000
  8.13984e-13
  1.72871e-12
  2.78184e-12
  4.33362e-12
  7.00322e-12
  1.16772e-11
  1.91044e-11
  2.94445e-11
  4.17897e-11
  5.41322e-11
  6.40430e-11
  7.02618e-11
  7.49484e-11
  8.62663e-11
  1.19773e-10
  1.97081e-10
  3.40089e-10
  5.60542e-10
  8.47354e-10
  1.15625e-09
  1.41253e-09
  1.52955e-09
  1.44313e-09
  1.14906e-09
  7.25006e-10
  3.07416e-10
  4.39850e-11
  2.75502e-11
  2.51381e-10
  6.09104e-10
  9.53199e-10
  1.16076e-09
  1.18109e-09
  1.03876e-09
  8.04024e-10
  5.55423e-10
  3.44607e-10
  1.93435e-10
  9.93765e-11
  4.76649e-11
  2.19198e-11
  9.90525e-12
  4.38003e-12
  1.78716e-12
  6.23336e-13
  1.43343e-13
  6.17433e-15
  3.87135e-14
  1.07570e-13
  1.57626e-13
  1.81772e-13
  1.88481e-13
  1.87437e-13
  1.86981e-13
  1.91442e-13
  2.03252e-13
  2.22465e-13
  2.48060e-13
  2.78384e-13
  3.10463e-13
  3.42376e-13
  3.73125e-13
  4.02937e-13
  4.30943e-13
  4.54628e-13
  4.74872e-13
  4.94537e-13
  5.15337e-13
  5.38549e-13
  5.63740e-13
  5.86965e-13
  6.13015e-13
  6.39803e-13
  6.68019e-13
  6.95503e-13
  7.22644e-13
  7.49933e-13
  7.80658e-13
  8.13603e-13
  8.45637e-13
  8.78959e-13
  9.16898e-13
  9.52464e-13
  9.94984e-13
  1.03854e-12
  1.08482e-12
  1.13153e-12
  1.18452e-12
  1.23931e-12
  1.29898e-12
  1.36319e-12
  1.42874e-12
  1.49911e-12
  1.58003e-12
  1.66310e-12
  1.75078e-12
  1.84985e-12
  1.95487e-12
  2.06758e-12
  2.18692e-12
  2.31882e-12
  2.45878e-12
  2.61454e-12
  2.78257e-12
  2.97116e-12
  3.17635e-12
  3.40296e-12
  3.65313e-12
  3.92904e-12
  4.23671e-12
  4.57659e-12
  4.95744e-12
  5.37652e-12
  5.85290e-12
  6.38696e-12
  6.98648e-12
  7.66131e-12
  8.43361e-12
  9.30440e-12
  1.02981e-11
  1.14513e-11
  1.27643e-11
  1.42912e-11
  1.60521e-11
  1.81330e-11
  2.05677e-11
  2.34421e-11
  2.68713e-11
  3.09911e-11
  3.60155e-11
  4.21928e-11
  4.97932e-11
  5.93087e-11
  7.13009e-11
  8.64594e-11
  1.05684e-10
  1.29940e-10
  1.60345e-10
  1.98009e-10
  2.44054e-10
  3.00519e-10
  3.71427e-10
  4.63819e-10
  5.85695e-10
  7.35086e-10
  8.92375e-10
  1.03229e-09
  1.11940e-09
  1.07163e-09
  6.93923e-10
  5.12612e-10
  2.26980e-08
  1.83847e-06
  0.000317829
      25.8933
      45.8904
      53.9477
      57.5711
      58.8581
      58.0451
      54.8075
      50.8507
      47.9814
      45.1284
      42.3993
      39.8909
      37.5469
      35.0447
      32.3280
      29.6390
      27.0322
      24.5394
      22.1711
      19.8949
      17.7240
      15.7009
      13.8143
      12.0997
      10.5455
      9.14055
      7.84092
      6.61972
      5.47066
      4.42895
      3.51923
      2.75550
      2.13591
      1.63657
      1.23233
     0.907643
     0.655195
     0.464907
     0.323175
     0.220857
     0.150462
     0.103528
    0.0722751
    0.0512768
    0.0369297
    0.0269028
    0.0197514
    0.0145843
    0.0108198
   0.00806741
   0.00604729
   0.00455783
   0.00345235
   0.00262485
   0.00199999
   0.00152491
   0.00116215
  0.000884341
  0.000671473
  0.000508211
  0.000386849
  0.000296971
  0.000227050
  0.000172785
  0.000130823
  9.84641e-05
  7.36259e-05
  5.46607e-05
  4.02790e-05
  2.94352e-05
  2.13437e-05
  1.53776e-05
  1.10369e-05
  7.93937e-06
  5.80075e-06
  4.38646e-06
  4.23014e-06
  3.89821e-06
  3.23543e-06
  2.90577e-06
  3.00206e-06
  3.09090e-06
  3.10443e-06
  3.00763e-06
  2.80110e-06
  2.52026e-06
  2.21916e-06
  1.93729e-06
  1.69177e-06
  1.48242e-06
  1.30323e-06
  1.14597e-06
  1.00472e-06
  8.75017e-07
  7.54347e-07
  6.43161e-07
  5.42564e-07
  4.58735e-07
  3.94640e-07
  3.94169e-07
  2.88976e-07
  4.79300e-07
      0.00000
      0.00000
