      0.00000
      0.00000
  3.90262e-13
  8.27805e-13
  1.40328e-12
  2.31496e-12
  3.87036e-12
  6.49417e-12
  1.05092e-11
  1.59066e-11
  2.21198e-11
  2.80484e-11
  3.24608e-11
  3.48879e-11
  3.67895e-11
  4.28666e-11
  6.16539e-11
  1.04627e-10
  1.83016e-10
  3.02288e-10
  4.55667e-10
  6.19047e-10
  7.52881e-10
  8.12058e-10
  7.63824e-10
  6.06945e-10
  3.82741e-10
  1.62569e-10
  2.35311e-11
  1.42625e-11
  1.31755e-10
  3.20865e-10
  5.04427e-10
  6.17234e-10
  6.31263e-10
  5.58070e-10
  4.33996e-10
  3.00807e-10
  1.86713e-10
  1.04295e-10
  5.28700e-11
  2.47519e-11
  1.10220e-11
  4.85144e-12
  2.14517e-12
  9.11029e-13
  3.48811e-13
  9.36573e-14
  8.02580e-15
  1.44580e-14
  4.91648e-14
  7.67600e-14
  9.09018e-14
  9.51994e-14
  9.48659e-14
  9.46008e-14
  9.68537e-14
  1.02971e-13
  1.12996e-13
  1.26390e-13
  1.42266e-13
  1.59036e-13
  1.75682e-13
  1.91687e-13
  2.07156e-13
  2.21614e-13
  2.33753e-13
  2.44052e-13
  2.54005e-13
  2.64502e-13
  2.76196e-13
  2.88873e-13
  3.00457e-13
  3.13494e-13
  3.26866e-13
  3.41001e-13
  3.54718e-13
  3.68249e-13
  3.81840e-13
  3.97233e-13
  4.13803e-13
  4.29913e-13
  4.46693e-13
  4.65937e-13
  4.83916e-13
  5.05634e-13
  5.27898e-13
  5.51618e-13
  5.75551e-13
  6.02828e-13
  6.30928e-13
  6.61566e-13
  6.94565e-13
  7.28189e-13
  7.64284e-13
  8.05846e-13
  8.48188e-13
  8.92860e-13
  9.43550e-13
  9.97065e-13
  1.05442e-12
  1.11513e-12
  1.18241e-12
  1.25321e-12
  1.33270e-12
  1.41797e-12
  1.51418e-12
  1.61858e-12
  1.73460e-12
  1.86228e-12
  2.00460e-12
  2.16233e-12
  2.33876e-12
  2.53598e-12
  2.75558e-12
  3.00470e-12
  3.28741e-12
  3.60609e-12
  3.96815e-12
  4.38544e-12
  4.86173e-12
  5.41038e-12
  6.05467e-12
  6.79865e-12
  7.67551e-12
  8.70392e-12
  9.93703e-12
  1.14081e-11
  1.31785e-11
  1.53308e-11
  1.79723e-11
  2.12560e-11
  2.53782e-11
  3.05610e-11
  3.71877e-11
  4.57352e-11
  5.68162e-11
  7.12987e-11
  9.02642e-11
  1.15190e-10
  1.47928e-10
  1.90771e-10
  2.46998e-10
  3.21459e-10
  4.21454e-10
  5.56209e-10
  7.27103e-10
  8.95522e-10
  9.73548e-10
  1.23237e-09
  2.12983e-09
  5.09669e-09
  8.43190e-08
  3.72836e-06
  2.20171e-05
   0.00165602
      34.8130
      64.0079
      75.1990
      79.3644
      80.2132
      78.6344
      75.5563
      69.7456
      64.2282
      59.1128
      53.3365
      48.4048
      44.6679
      41.9316
      39.4748
      36.8209
      33.5155
      30.3563
      27.4789
      24.8772
      22.2871
      19.6289
      17.1966
      14.8987
      12.7881
      10.9815
      9.47860
      8.18584
      6.97827
      5.84427
      4.83854
      4.00358
      3.32641
      2.76061
      2.27167
      1.85677
      1.51132
      1.22621
      1.00312
     0.832836
     0.670188
     0.491519
     0.341516
     0.239974
     0.169250
     0.118646
    0.0862140
    0.0659896
    0.0527628
    0.0437708
    0.0375558
    0.0332146
    0.0300857
    0.0276613
    0.0255483
    0.0236061
    0.0217234
    0.0198558
    0.0179544
    0.0160476
    0.0141549
    0.0123299
    0.0106174
   0.00903975
   0.00761063
   0.00633873
   0.00522471
   0.00426226
   0.00344018
   0.00274386
   0.00215875
   0.00168205
   0.00135303
   0.00107599
  0.000843961
  0.000650457
  0.000491321
  0.000363842
  0.000264793
  0.000191434
  0.000162435
  0.000169622
  0.000159501
  0.000140823
  0.000120051
  0.000101461
  8.72300e-05
  7.74578e-05
  7.09469e-05
  6.58544e-05
  6.08922e-05
  5.52511e-05
  4.86184e-05
  4.11837e-05
  3.30683e-05
  2.47907e-05
  1.63557e-05
  1.42626e-05
  1.30158e-05
  1.28067e-05
  8.54449e-06
  1.15946e-05
      0.00000
      0.00000
