      0.00000
      0.00000
  5.03105e-13
  1.20337e-12
  2.12422e-12
  3.40716e-12
  5.37127e-12
  8.48265e-12
  1.30921e-11
  1.91988e-11
  2.62220e-11
  3.30692e-11
  3.86494e-11
  4.29054e-11
  4.81553e-11
  6.05146e-11
  9.04172e-11
  1.51366e-10
  2.55995e-10
  4.09471e-10
  6.01902e-10
  8.02574e-10
  9.62713e-10
  1.02776e-09
  9.59168e-10
  7.57420e-10
  4.75162e-10
  2.00485e-10
  2.83510e-11
  1.82750e-11
  1.66134e-10
  4.03615e-10
  6.35347e-10
  7.80327e-10
  8.02900e-10
  7.15996e-10
  5.63444e-10
  3.96414e-10
  2.50949e-10
  1.43474e-10
  7.44947e-11
  3.54647e-11
  1.56992e-11
  6.59140e-12
  2.65864e-12
  1.00461e-12
  3.50673e-13
  9.29580e-14
  1.44031e-14
  2.46654e-14
  6.57582e-14
  9.81908e-14
  1.15598e-13
  1.21413e-13
  1.21272e-13
  1.20936e-13
  1.23743e-13
  1.31596e-13
  1.44678e-13
  1.62370e-13
  1.83562e-13
  2.06142e-13
  2.28597e-13
  2.50103e-13
  2.70645e-13
  2.89561e-13
  3.05348e-13
  3.18861e-13
  3.32158e-13
  3.46418e-13
  3.62348e-13
  3.79576e-13
  3.95372e-13
  4.12850e-13
  4.30599e-13
  4.49108e-13
  4.67053e-13
  4.84734e-13
  5.02522e-13
  5.22486e-13
  5.43911e-13
  5.64877e-13
  5.86671e-13
  6.11768e-13
  6.35513e-13
  6.63792e-13
  6.93214e-13
  7.24598e-13
  7.56527e-13
  7.92607e-13
  8.30593e-13
  8.71974e-13
  9.16519e-13
  9.62235e-13
  1.01131e-12
  1.06751e-12
  1.12617e-12
  1.18758e-12
  1.25650e-12
  1.33030e-12
  1.40947e-12
  1.49313e-12
  1.58505e-12
  1.68483e-12
  1.79272e-12
  1.91227e-12
  2.04371e-12
  2.18944e-12
  2.34832e-12
  2.52598e-12
  2.71960e-12
  2.93960e-12
  3.17904e-12
  3.45209e-12
  3.74865e-12
  4.09181e-12
  4.47250e-12
  4.90283e-12
  5.38714e-12
  5.94160e-12
  6.56476e-12
  7.27666e-12
  8.09616e-12
  9.02580e-12
  1.00989e-11
  1.13256e-11
  1.27641e-11
  1.44328e-11
  1.63874e-11
  1.87158e-11
  2.15150e-11
  2.49729e-11
  2.93181e-11
  3.48539e-11
  4.20856e-11
  5.16417e-11
  6.42510e-11
  8.06931e-11
  1.01387e-10
  1.26005e-10
  1.52861e-10
  1.79156e-10
  2.10119e-10
  2.56267e-10
  3.12298e-10
  4.06358e-10
  5.85605e-10
  7.68240e-10
  8.85945e-10
  1.14419e-09
  6.31400e-10
  8.09038e-09
  8.00964e-07
  8.77430e-06
  3.40238e-05
   0.00232264
      29.9803
      53.4914
      62.4680
      65.1872
      63.7858
      61.4347
      58.7274
      54.4757
      50.3219
      46.0624
      41.7260
      38.4001
      35.9580
      33.5477
      30.7162
      27.8983
      25.2156
      22.8238
      20.7128
      18.8430
      17.1047
      15.4970
      13.8527
      12.1842
      10.5261
      8.99979
      7.76710
      6.81888
      6.02111
      5.25723
      4.49204
      3.76701
      3.09680
      2.49452
      1.96770
      1.53736
      1.19308
     0.918622
     0.694873
     0.520584
     0.381506
     0.260197
     0.168334
     0.113859
    0.0883860
    0.0797577
    0.0758811
    0.0695456
    0.0609721
    0.0525069
    0.0459108
    0.0400665
    0.0340834
    0.0282189
    0.0228820
    0.0180216
    0.0136201
   0.00982314
   0.00665132
   0.00415905
   0.00282144
   0.00188953
   0.00116700
  0.000729918
   0.00123356
   0.00156108
   0.00173423
   0.00180691
   0.00181811
   0.00178343
   0.00172982
   0.00168201
   0.00165977
   0.00167500
   0.00172685
   0.00181157
   0.00192213
   0.00205046
   0.00219213
   0.00233305
   0.00245095
   0.00252324
   0.00253631
   0.00248453
   0.00237525
   0.00222441
   0.00205346
   0.00187930
   0.00170603
   0.00152744
   0.00134086
   0.00115021
  0.000963240
  0.000785289
  0.000618882
  0.000465919
  0.000329245
  0.000208919
  0.000113202
  3.18010e-05
  2.02521e-05
  1.74029e-05
      0.00000
      0.00000
