      0.00000
      0.00000
  6.43931e-13
  1.54069e-12
  2.59779e-12
  3.94020e-12
  5.89448e-12
  8.96768e-12
  1.36037e-11
  1.99543e-11
  2.76287e-11
  3.57133e-11
  4.32185e-11
  4.99698e-11
  5.79151e-11
  7.24797e-11
  1.03173e-10
  1.62583e-10
  2.62795e-10
  4.09184e-10
  5.93013e-10
  7.85561e-10
  9.40267e-10
  1.00417e-09
  9.38962e-10
  7.43768e-10
  4.68661e-10
  1.99287e-10
  2.89082e-11
  1.67313e-11
  1.59877e-10
  3.92111e-10
  6.20154e-10
  7.64408e-10
  7.89470e-10
  7.07391e-10
  5.60416e-10
  3.98076e-10
  2.55487e-10
  1.48886e-10
  7.92805e-11
  3.89159e-11
  1.77868e-11
  7.65664e-12
  3.11583e-12
  1.17050e-12
  4.10182e-13
  1.20381e-13
  3.03508e-14
  2.66229e-14
  6.39142e-14
  9.47948e-14
  1.12422e-13
  1.19169e-13
  1.19840e-13
  1.19988e-13
  1.22993e-13
  1.31008e-13
  1.44353e-13
  1.62431e-13
  1.84022e-13
  2.06877e-13
  2.29632e-13
  2.51674e-13
  2.73168e-13
  2.93298e-13
  3.10200e-13
  3.24573e-13
  3.38540e-13
  3.53448e-13
  3.70174e-13
  3.88536e-13
  4.05463e-13
  4.24577e-13
  4.44019e-13
  4.64645e-13
  4.84646e-13
  5.04549e-13
  5.24567e-13
  5.47037e-13
  5.70999e-13
  5.94425e-13
  6.18582e-13
  6.46210e-13
  6.71781e-13
  7.02614e-13
  7.33797e-13
  7.66999e-13
  8.00391e-13
  8.38324e-13
  8.77343e-13
  9.20111e-13
  9.65964e-13
  1.01258e-12
  1.06264e-12
  1.12048e-12
  1.17984e-12
  1.24241e-12
  1.31289e-12
  1.38785e-12
  1.46853e-12
  1.55346e-12
  1.64716e-12
  1.74754e-12
  1.85758e-12
  1.97757e-12
  2.11088e-12
  2.25706e-12
  2.41677e-12
  2.59432e-12
  2.78802e-12
  3.00658e-12
  3.24450e-12
  3.51443e-12
  3.80774e-12
  4.14601e-12
  4.52174e-12
  4.94684e-12
  5.42597e-12
  5.97761e-12
  6.60167e-12
  7.32038e-12
  8.15944e-12
  9.12433e-12
  1.02572e-11
  1.15761e-11
  1.31509e-11
  1.50089e-11
  1.72162e-11
  1.98595e-11
  2.30270e-11
  2.68664e-11
  3.15254e-11
  3.71567e-11
  4.40438e-11
  5.25376e-11
  6.31241e-11
  7.66388e-11
  9.43658e-11
  1.18427e-10
  1.51831e-10
  1.97908e-10
  2.58737e-10
  3.31570e-10
  4.06499e-10
  4.74575e-10
  5.68941e-10
  6.79389e-10
  9.07891e-10
  1.44803e-09
  1.55242e-09
  8.43870e-08
  2.42426e-06
  1.26595e-05
  3.29361e-05
   0.00164633
      27.6644
      44.5364
      52.8770
      56.0564
      56.8312
      55.6710
      52.0907
      46.9212
      40.3873
      35.0456
      32.4288
      29.6961
      26.1332
      21.9900
      18.7290
      16.4694
      14.8104
      13.6329
      12.9729
      12.2396
      11.4026
      10.4426
      9.39892
      8.28070
      7.18198
      6.25776
      5.49409
      4.89041
      4.39602
      3.96093
      3.65531
      3.45579
      3.32948
      3.16949
      2.86251
      2.44579
      1.98701
      1.51887
      1.07787
     0.732737
     0.498099
     0.332810
     0.202266
     0.110225
    0.0605708
    0.0311250
    0.0170683
   0.00966524
    0.0190566
    0.0241714
    0.0271316
    0.0266910
    0.0237329
    0.0201723
    0.0164340
    0.0130772
    0.0101367
   0.00771106
   0.00607153
   0.00498182
   0.00411829
   0.00343544
   0.00299716
   0.00281211
   0.00283981
   0.00296846
   0.00313545
   0.00334918
   0.00360486
   0.00388831
   0.00423020
   0.00469536
   0.00526139
   0.00589313
   0.00657220
   0.00726804
   0.00792297
   0.00846507
   0.00887893
   0.00917826
   0.00937186
   0.00944292
   0.00942411
   0.00937094
   0.00932676
   0.00912712
   0.00831851
   0.00718499
   0.00618183
   0.00539448
   0.00470625
   0.00401913
   0.00333310
   0.00268489
   0.00209463
   0.00156633
   0.00109891
  0.000701237
  0.000380944
  0.000140958
  2.11794e-05
  1.05777e-05
      0.00000
      0.00000
