      0.00000
      0.00000
  6.25258e-13
  1.41889e-12
  2.34480e-12
  3.60205e-12
  5.59132e-12
  8.89987e-12
  1.40243e-11
  2.10864e-11
  2.95337e-11
  3.81450e-11
  4.55187e-11
  5.11242e-11
  5.68109e-11
  6.84400e-11
  9.66852e-11
  1.55983e-10
  2.60532e-10
  4.17252e-10
  6.17359e-10
  8.29631e-10
  1.00265e-09
  1.07754e-09
  1.01139e-09
  8.02566e-10
  5.05557e-10
  2.14314e-10
  3.07110e-11
  1.89502e-11
  1.74911e-10
  4.25570e-10
  6.69014e-10
  8.19337e-10
  8.39729e-10
  7.45322e-10
  5.83576e-10
  4.08743e-10
  2.57978e-10
  1.47658e-10
  7.73732e-11
  3.76788e-11
  1.73805e-11
  7.73945e-12
  3.32889e-12
  1.32737e-12
  4.62509e-13
  1.17196e-13
  1.34401e-14
  2.49744e-14
  7.06731e-14
  1.06705e-13
  1.26214e-13
  1.33460e-13
  1.34483e-13
  1.35223e-13
  1.39052e-13
  1.48053e-13
  1.62487e-13
  1.81741e-13
  2.04625e-13
  2.28895e-13
  2.53112e-13
  2.76552e-13
  2.99340e-13
  3.20717e-13
  3.38775e-13
  3.54201e-13
  3.69161e-13
  3.84996e-13
  4.02639e-13
  4.21830e-13
  4.39541e-13
  4.59422e-13
  4.79764e-13
  5.01243e-13
  5.22126e-13
  5.42810e-13
  5.63615e-13
  5.87020e-13
  6.12115e-13
  6.36649e-13
  6.62151e-13
  6.91285e-13
  7.18621e-13
  7.51462e-13
  7.85094e-13
  8.20985e-13
  8.57347e-13
  8.98723e-13
  9.41531e-13
  9.88363e-13
  1.03885e-12
  1.09053e-12
  1.14620e-12
  1.21034e-12
  1.27627e-12
  1.34606e-12
  1.42501e-12
  1.50898e-12
  1.59935e-12
  1.69518e-12
  1.80126e-12
  1.91419e-12
  2.03971e-12
  2.17575e-12
  2.32821e-12
  2.49486e-12
  2.67865e-12
  2.88214e-12
  3.10689e-12
  3.35812e-12
  3.63542e-12
  3.94744e-12
  4.29076e-12
  4.68262e-12
  5.12157e-12
  5.61628e-12
  6.17437e-12
  6.81453e-12
  7.53846e-12
  8.36778e-12
  9.33299e-12
  1.04381e-11
  1.17292e-11
  1.32267e-11
  1.50068e-11
  1.71032e-11
  1.95948e-11
  2.25873e-11
  2.62036e-11
  3.06364e-11
  3.61054e-11
  4.28499e-11
  5.12925e-11
  6.19260e-11
  7.53679e-11
  9.24934e-11
  1.14374e-10
  1.42546e-10
  1.79062e-10
  2.26397e-10
  2.88005e-10
  3.66422e-10
  4.64122e-10
  5.80039e-10
  7.15614e-10
  8.92487e-10
  1.14368e-09
  1.49528e-09
  2.77606e-09
  1.43808e-07
  2.77992e-06
  1.66454e-05
  4.93205e-05
   0.00157479
      32.4947
      49.3925
      52.7479
      50.8354
      46.0144
      39.6939
      33.0390
      27.8995
      24.2281
      21.2266
      19.0171
      17.0283
      15.1882
      13.4754
      11.8311
      10.1963
      8.66793
      7.33544
      6.16675
      5.15183
      4.27086
      3.50325
      2.85714
      2.30189
      1.82071
      1.41932
      1.09418
     0.850928
     0.695906
     0.589268
     0.513454
     0.453583
     0.406560
     0.383006
     0.370712
     0.364963
     0.360072
     0.347840
     0.320241
     0.276823
     0.223541
     0.174968
     0.138260
     0.113122
    0.0981306
    0.0860883
    0.0760216
    0.0723099
    0.0750737
    0.0747746
    0.0698901
    0.0632861
    0.0552622
    0.0460415
    0.0366850
    0.0278688
    0.0198813
    0.0136883
   0.00942620
   0.00666371
   0.00495097
   0.00409839
   0.00409426
   0.00468870
   0.00522982
   0.00569140
   0.00609960
   0.00656292
   0.00710290
   0.00769123
   0.00829212
   0.00899052
   0.00956752
   0.00972936
    0.0100568
    0.0107051
    0.0115887
    0.0124633
    0.0130691
    0.0132914
    0.0131804
    0.0129487
    0.0128692
    0.0132503
    0.0141832
    0.0153491
    0.0161028
    0.0156523
    0.0139473
    0.0119593
    0.0102807
   0.00887853
   0.00759183
   0.00635299
   0.00516810
   0.00405004
   0.00298527
   0.00201564
   0.00119936
  0.000556282
  0.000120113
  2.60615e-05
      0.00000
      0.00000
