      0.00000
      0.00000
  6.55426e-13
  1.24296e-12
  2.04970e-12
  3.52756e-12
  6.28876e-12
  1.11743e-11
  1.88342e-11
  2.92428e-11
  4.12158e-11
  5.24098e-11
  6.00684e-11
  6.27659e-11
  6.28262e-11
  6.89604e-11
  9.77293e-11
  1.72023e-10
  3.14975e-10
  5.39070e-10
  8.33093e-10
  1.15157e-09
  1.41779e-09
  1.54280e-09
  1.46060e-09
  1.16628e-09
  7.38110e-10
  3.14837e-10
  4.63301e-11
  2.73051e-11
  2.51737e-10
  6.12375e-10
  9.59661e-10
  1.16848e-09
  1.18690e-09
  1.03979e-09
  7.99103e-10
  5.45458e-10
  3.31752e-10
  1.80494e-10
  8.85273e-11
  3.99092e-11
  1.71676e-11
  7.42494e-12
  3.29556e-12
  1.43632e-12
  5.43158e-13
  1.34411e-13
  9.89023e-15
  4.47337e-14
  1.14095e-13
  1.60752e-13
  1.78604e-13
  1.78345e-13
  1.71490e-13
  1.66848e-13
  1.68362e-13
  1.77703e-13
  1.94371e-13
  2.17030e-13
  2.43954e-13
  2.72338e-13
  3.00331e-13
  3.26995e-13
  3.52554e-13
  3.76347e-13
  3.96321e-13
  4.13476e-13
  4.30433e-13
  4.48601e-13
  4.68986e-13
  4.91040e-13
  5.11145e-13
  5.33584e-13
  5.56582e-13
  5.80698e-13
  6.04155e-13
  6.27255e-13
  6.50468e-13
  6.76598e-13
  7.04537e-13
  7.31478e-13
  7.59296e-13
  7.90997e-13
  8.20336e-13
  8.55129e-13
  8.90689e-13
  9.28060e-13
  9.65298e-13
  1.00715e-12
  1.05050e-12
  1.09734e-12
  1.14741e-12
  1.19822e-12
  1.25238e-12
  1.31465e-12
  1.37893e-12
  1.44608e-12
  1.52181e-12
  1.60228e-12
  1.68842e-12
  1.77940e-12
  1.87974e-12
  1.98742e-12
  2.10561e-12
  2.23473e-12
  2.37834e-12
  2.53562e-12
  2.70888e-12
  2.90096e-12
  3.11148e-12
  3.34821e-12
  3.60889e-12
  3.90243e-12
  4.22449e-12
  4.59272e-12
  5.00636e-12
  5.47167e-12
  5.99796e-12
  6.60323e-12
  7.29056e-12
  8.08230e-12
  9.00843e-12
  1.00767e-11
  1.13362e-11
  1.28168e-11
  1.46001e-11
  1.67419e-11
  1.93411e-11
  2.25326e-11
  2.64830e-11
  3.14241e-11
  3.76297e-11
  4.53655e-11
  5.50378e-11
  6.70367e-11
  8.17210e-11
  9.95739e-11
  1.21262e-10
  1.48362e-10
  1.84283e-10
  2.35719e-10
  3.13428e-10
  4.27732e-10
  5.74969e-10
  7.20460e-10
  8.04815e-10
  9.63710e-10
  1.19245e-09
  1.79999e-09
  1.92365e-09
  8.64438e-08
  2.12220e-06
  1.10639e-05
  3.58013e-05
   0.00156476
      31.7243
      49.9843
      53.6504
      50.9162
      46.3542
      41.1541
      36.9046
      32.6230
      29.2771
      26.0436
      24.2225
      22.3274
      20.9426
      19.6231
      16.8326
      13.6387
      11.2481
      9.21355
      7.61302
      6.30975
      5.37472
      4.41950
      3.65823
      3.07970
      2.56660
      2.15339
      1.78038
      1.40743
      1.12080
     0.945368
     0.856816
     0.819525
     0.792131
     0.739262
     0.677881
     0.616791
     0.551725
     0.486388
     0.408459
     0.322586
     0.235772
     0.170478
     0.129799
     0.102897
    0.0834400
    0.0680559
    0.0640361
    0.0747781
    0.0957508
     0.111772
     0.121366
     0.124566
     0.117505
     0.100808
    0.0788654
    0.0568161
    0.0379237
    0.0238920
    0.0150529
   0.00955344
   0.00571857
   0.00317163
   0.00296559
   0.00444527
   0.00561759
   0.00652327
   0.00715543
   0.00757196
   0.00788295
   0.00815363
   0.00841811
   0.00871377
   0.00917604
   0.00984054
    0.0107257
    0.0117469
    0.0127692
    0.0136091
    0.0140547
    0.0140553
    0.0137855
    0.0134637
    0.0132659
    0.0134152
    0.0139067
    0.0143845
    0.0141187
    0.0126676
    0.0108391
   0.00925319
   0.00796973
   0.00682215
   0.00572086
   0.00466607
   0.00369232
   0.00281596
   0.00202340
   0.00133439
  0.000766089
  0.000311546
  4.21552e-05
  2.52893e-05
      0.00000
      0.00000
