      0.00000
      0.00000
  3.00049e-13
  6.54306e-13
  1.16079e-12
  1.96888e-12
  3.32115e-12
  5.56186e-12
  8.94861e-12
  1.34588e-11
  1.86036e-11
  2.34575e-11
  2.70132e-11
  2.89549e-11
  3.06483e-11
  3.62542e-11
  5.32086e-11
  9.14248e-11
  1.60528e-10
  2.65088e-10
  3.99034e-10
  5.41289e-10
  6.57438e-10
  7.08327e-10
  6.65619e-10
  5.28438e-10
  3.32949e-10
  1.41251e-10
  2.04400e-11
  1.27108e-11
  1.15289e-10
  2.80059e-10
  4.39883e-10
  5.38123e-10
  5.50476e-10
  4.86967e-10
  3.79097e-10
  2.63065e-10
  1.63479e-10
  9.13241e-11
  4.61583e-11
  2.14070e-11
  9.34223e-12
  3.98296e-12
  1.69847e-12
  6.99642e-13
  2.63131e-13
  6.87964e-14
  5.41814e-15
  1.51488e-14
  4.59839e-14
  6.98150e-14
  8.16136e-14
  8.46851e-14
  8.37163e-14
  8.29508e-14
  8.45579e-14
  8.96765e-14
  9.82945e-14
  1.09908e-13
  1.23720e-13
  1.38308e-13
  1.52754e-13
  1.66604e-13
  1.79940e-13
  1.92327e-13
  2.02681e-13
  2.11510e-13
  2.20159e-13
  2.29385e-13
  2.39697e-13
  2.50909e-13
  2.61145e-13
  2.72671e-13
  2.84467e-13
  2.96965e-13
  3.09163e-13
  3.21326e-13
  3.33647e-13
  3.47578e-13
  3.62572e-13
  3.77280e-13
  3.92539e-13
  4.10010e-13
  4.26330e-13
  4.45748e-13
  4.65580e-13
  4.86545e-13
  5.07552e-13
  5.31172e-13
  5.55584e-13
  5.82023e-13
  6.10309e-13
  6.39107e-13
  6.69917e-13
  7.05323e-13
  7.41941e-13
  7.80405e-13
  8.23855e-13
  8.70283e-13
  9.20208e-13
  9.73223e-13
  1.03200e-12
  1.09533e-12
  1.16518e-12
  1.24203e-12
  1.32783e-12
  1.42259e-12
  1.52745e-12
  1.64447e-12
  1.77400e-12
  1.92052e-12
  2.08294e-12
  2.26750e-12
  2.47183e-12
  2.70743e-12
  2.97356e-12
  3.27605e-12
  3.62079e-12
  4.01944e-12
  4.47469e-12
  5.00131e-12
  5.61687e-12
  6.32734e-12
  7.16042e-12
  8.13200e-12
  9.28958e-12
  1.06604e-11
  1.22974e-11
  1.42792e-11
  1.66975e-11
  1.97057e-11
  2.34907e-11
  2.82943e-11
  3.45216e-11
  4.27188e-11
  5.36007e-11
  6.81620e-11
  8.75147e-11
  1.12770e-10
  1.44512e-10
  1.82391e-10
  2.25807e-10
  2.76239e-10
  3.46750e-10
  4.39935e-10
  5.91368e-10
  8.32098e-10
  1.22128e-09
  1.55959e-09
  1.59988e-09
  2.28917e-07
  4.15221e-06
  2.37808e-05
  5.68228e-05
   0.00219549
      32.8817
      50.1154
      53.0784
      53.5059
      48.0257
      39.8116
      30.7497
      24.5773
      21.1555
      18.6780
      16.3321
      13.4081
      11.0567
      10.0339
      8.78737
      7.73380
      6.43946
      5.40370
      4.64622
      4.02156
      3.37785
      2.77262
      2.19414
      1.60623
      1.04771
     0.567493
     0.224526
    0.0595008
    0.0447933
    0.0375925
    0.0245900
   0.00777789
    0.0302121
    0.0781092
     0.122244
     0.167504
     0.206414
     0.233381
     0.247021
     0.241771
     0.213646
     0.180694
     0.150689
     0.120833
    0.0947924
    0.0754855
    0.0610694
    0.0441996
    0.0363501
    0.0273127
    0.0183619
    0.0116438
   0.00542535
   0.00651074
    0.0108171
    0.0123506
    0.0122928
    0.0111445
   0.00938097
   0.00784498
   0.00681568
   0.00622872
   0.00599964
   0.00598536
   0.00597306
   0.00589979
   0.00596510
   0.00642524
   0.00720666
   0.00807008
   0.00894236
   0.00986294
    0.0102985
   0.00958677
   0.00901542
   0.00930713
    0.0102243
    0.0113293
    0.0121756
    0.0125196
    0.0125033
    0.0124440
    0.0125047
    0.0130449
    0.0142933
    0.0160340
    0.0175248
    0.0176630
    0.0158586
    0.0135265
    0.0116345
    0.0101170
   0.00874058
   0.00738600
   0.00607204
   0.00480014
   0.00356600
   0.00243483
   0.00147658
  0.000732610
  0.000191365
  1.58631e-05
      0.00000
      0.00000
