      0.00000
      0.00000
  3.85903e-13
  9.13765e-13
  1.47406e-12
  2.12825e-12
  3.05433e-12
  4.54633e-12
  6.90370e-12
  1.03085e-11
  1.46721e-11
  1.96054e-11
  2.45756e-11
  2.93058e-11
  3.44087e-11
  4.20861e-11
  5.65450e-11
  8.36924e-11
  1.29560e-10
  1.97373e-10
  2.83838e-10
  3.75962e-10
  4.51640e-10
  4.84884e-10
  4.56079e-10
  3.63507e-10
  2.30573e-10
  9.89711e-11
  1.48150e-11
  7.78773e-12
  7.70421e-11
  1.90211e-10
  3.01418e-10
  3.71611e-10
  3.83660e-10
  3.43775e-10
  2.72755e-10
  1.94623e-10
  1.26112e-10
  7.47937e-11
  4.09847e-11
  2.09780e-11
  1.01178e-11
  4.61459e-12
  1.96941e-12
  7.57006e-13
  2.47320e-13
  6.16463e-14
  8.51140e-15
  9.81623e-15
  3.06428e-14
  4.84198e-14
  5.95795e-14
  6.52623e-14
  6.75773e-14
  6.92504e-14
  7.19892e-14
  7.70999e-14
  8.48744e-14
  9.50798e-14
  1.07067e-13
  1.19610e-13
  1.32144e-13
  1.44497e-13
  1.56858e-13
  1.68655e-13
  1.78582e-13
  1.86855e-13
  1.94607e-13
  2.02639e-13
  2.11542e-13
  2.21389e-13
  2.30324e-13
  2.40693e-13
  2.51166e-13
  2.62481e-13
  2.73297e-13
  2.84088e-13
  2.94853e-13
  3.07070e-13
  3.20112e-13
  3.32860e-13
  3.45999e-13
  3.61186e-13
  3.74913e-13
  3.92279e-13
  4.09400e-13
  4.27964e-13
  4.46706e-13
  4.68634e-13
  4.90620e-13
  5.15262e-13
  5.41993e-13
  5.69210e-13
  5.98889e-13
  6.33779e-13
  6.68577e-13
  7.06189e-13
  7.49385e-13
  7.94817e-13
  8.44191e-13
  8.96563e-13
  9.55247e-13
  1.01581e-12
  1.08587e-12
  1.15919e-12
  1.24373e-12
  1.33417e-12
  1.43505e-12
  1.54526e-12
  1.66889e-12
  1.80381e-12
  1.95483e-12
  2.12172e-12
  2.30723e-12
  2.51473e-12
  2.74808e-12
  3.00865e-12
  3.30046e-12
  3.63296e-12
  4.00664e-12
  4.42999e-12
  4.92168e-12
  5.47941e-12
  6.12710e-12
  6.87193e-12
  7.75319e-12
  8.78457e-12
  1.00075e-11
  1.14751e-11
  1.32555e-11
  1.54509e-11
  1.81813e-11
  2.15712e-11
  2.58476e-11
  3.12677e-11
  3.81878e-11
  4.71315e-11
  5.87644e-11
  7.39261e-11
  9.35093e-11
  1.18358e-10
  1.49395e-10
  1.87504e-10
  2.33454e-10
  2.86399e-10
  3.44333e-10
  4.23233e-10
  6.02366e-10
  1.16358e-09
  6.74948e-10
  6.46052e-08
  1.68846e-06
  1.49172e-05
  4.38598e-05
  0.000971827
      28.6368
      38.9240
      40.1488
      37.5344
      32.2672
      27.3369
      21.2155
      16.5261
      11.6794
      7.91244
      4.73637
      2.37058
     0.965382
     0.342861
     0.176117
     0.162452
     0.265600
     0.410855
     0.582374
     0.717259
     0.775375
     0.762556
     0.729740
     0.737145
     0.728052
     0.648265
     0.498632
     0.291465
    0.0871443
    0.0696305
     0.158407
     0.188221
     0.183019
     0.162740
     0.136080
     0.111180
    0.0909941
    0.0762263
    0.0651046
    0.0534739
    0.0400550
    0.0259282
    0.0136087
   0.00661140
    0.0124898
    0.0157030
    0.0164126
    0.0157256
    0.0125447
   0.00826442
   0.00527118
   0.00500642
   0.00722015
   0.00899108
   0.00894451
   0.00832462
   0.00828751
   0.00810509
   0.00724197
   0.00587393
   0.00454663
   0.00346390
   0.00279679
   0.00259679
   0.00264417
   0.00252876
   0.00221596
   0.00177771
   0.00107186
   0.00235251
   0.00425677
   0.00629021
   0.00815235
   0.00955528
    0.0115449
    0.0134677
    0.0150466
    0.0160169
    0.0164309
    0.0162592
    0.0155648
    0.0147326
    0.0144345
    0.0150054
    0.0164798
    0.0186261
    0.0206230
    0.0224218
    0.0232477
    0.0214799
    0.0184464
    0.0160084
    0.0139610
    0.0121400
    0.0102743
   0.00841142
   0.00646216
   0.00447706
   0.00272392
   0.00123309
  0.000207203
  0.000132414
      0.00000
      0.00000
