   -0.0547378
   -0.0543823
   -0.0540266
   -0.0536711
   -0.0533154
   -0.0529592
   -0.0526030
   -0.0522468
   -0.0518904
   -0.0515339
   -0.0511775
   -0.0508206
   -0.0504639
   -0.0501072
   -0.0497503
   -0.0493932
   -0.0490363
   -0.0486791
   -0.0483222
   -0.0479653
   -0.0476084
   -0.0472512
   -0.0468946
   -0.0465376
   -0.0461810
   -0.0458241
   -0.0454676
   -0.0451112
   -0.0447550
   -0.0443988
   -0.0440428
   -0.0436869
   -0.0433311
   -0.0429757
   -0.0426204
   -0.0422652
   -0.0419104
   -0.0415556
   -0.0412011
   -0.0408468
   -0.0404928
   -0.0401390
   -0.0397851
   -0.0394318
   -0.0390785
   -0.0387251
   -0.0383723
   -0.0380194
   -0.0376668
   -0.0373142
   -0.0369618
   -0.0366096
   -0.0362575
   -0.0359054
   -0.0355535
   -0.0352013
   -0.0348496
   -0.0344977
   -0.0341458
   -0.0337939
   -0.0334418
   -0.0330899
   -0.0327377
   -0.0323853
   -0.0320330
   -0.0316806
   -0.0313280
   -0.0309751
   -0.0306220
   -0.0302687
   -0.0299153
   -0.0295615
   -0.0292075
   -0.0288534
   -0.0284986
   -0.0281439
   -0.0277886
   -0.0274332
   -0.0270774
   -0.0267215
   -0.0263650
   -0.0260084
   -0.0256515
   -0.0252941
   -0.0249367
   -0.0245788
   -0.0242207
   -0.0238621
   -0.0235035
   -0.0231450
   -0.0227859
   -0.0224266
   -0.0220673
   -0.0217080
   -0.0213485
   -0.0209889
   -0.0206294
   -0.0202699
   -0.0199106
   -0.0195510
   -0.0191920
   -0.0188329
   -0.0184741
   -0.0181155
   -0.0177574
   -0.0173993
   -0.0170419
   -0.0166848
   -0.0163279
   -0.0159719
   -0.0156162
   -0.0152612
   -0.0149066
   -0.0145528
   -0.0141995
   -0.0138471
   -0.0134954
   -0.0131443
   -0.0127938
   -0.0124443
   -0.0120955
   -0.0117476
   -0.0114005
   -0.0110538
   -0.0107083
   -0.0103636
   -0.0100198
  -0.00967646
  -0.00933433
  -0.00899243
  -0.00865197
  -0.00831199
  -0.00797272
  -0.00763440
  -0.00729656
  -0.00695968
  -0.00662327
  -0.00628757
  -0.00595260
  -0.00561833
  -0.00528455
  -0.00495124
  -0.00461864
  -0.00428629
  -0.00395465
  -0.00362349
  -0.00329256
  -0.00296211
  -0.00263214
  -0.00230241
  -0.00197291
  -0.00164366
  -0.00131464
 -0.000985861
 -0.000657082
 -0.000328541
      0.00000
  0.000328302
  0.000656605
  0.000984907
   0.00131321
   0.00164175
   0.00197029
   0.00229883
   0.00262785
   0.00295687
   0.00328588
   0.00361538
   0.00394511
   0.00427485
   0.00460505
   0.00493550
   0.00526643
   0.00559759
   0.00592923
   0.00626111
   0.00659323
   0.00692606
   0.00725913
   0.00759244
   0.00792646
   0.00826097
   0.00859547
   0.00893068
   0.00926638
   0.00960231
   0.00993872
    0.0102756
    0.0106127
    0.0109506
    0.0112884
    0.0116270
    0.0119655
    0.0123048
    0.0126443
    0.0129840
    0.0133240
    0.0136645
    0.0140049
    0.0143459
    0.0146868
    0.0150285
    0.0153699
    0.0157115
    0.0160534
    0.0163953
    0.0167375
    0.0170798
    0.0174220
    0.0177646
    0.0181069
    0.0184493
    0.0187919
    0.0191345
    0.0194771
    0.0198197
    0.0201621
    0.0205047
    0.0208471
    0.0211895
    0.0215318
    0.0218742
    0.0222166
    0.0225587
    0.0229008
    0.0232430
    0.0235851
    0.0239272
    0.0242693
    0.0246112
    0.0249531
    0.0252950
    0.0256369
    0.0259786
    0.0263205
    0.0266623
    0.0270045
    0.0273464
    0.0276883
    0.0280304
    0.0283725
    0.0287149
    0.0290570
    0.0293994
    0.0297420
    0.0300848
    0.0304277
    0.0307708
    0.0311136
    0.0314572
    0.0318007
    0.0321445
    0.0324883
    0.0328326
    0.0331769
    0.0335217
    0.0338666
    0.0342119
    0.0345573
    0.0349028
